615	1	23
86	161	35
406	161	59
639	161	64
140	241	31
189	241	66
505	241	40
577	321	51
795	321	31
736	401	37
233	481	56
119	561	50
385	801	28
292	881	34
460	881	35
496	881	69
482	961	58
776	961	67
505	1041	71
672	1041	80
792	1121	77
177	1201	70
325	1281	24
625	1281	52
798	1281	37
399	1361	32
92	1441	60
613	1441	64
411	1521	77
526	1521	65
284	1601	73
759	1601	38
423	1761	31
742	1761	50
415	1841	40
625	1841	57
24	2081	46
319	2081	71
178	2161	63
464	2161	42
790	2161	74
563	2241	52
792	2241	61
78	2321	32
286	2321	39
196	2481	42
132	2561	20
336	2641	80
471	2641	60
756	2801	70
2	2881	66
205	2881	59
368	2881	49
699	2961	35
255	3121	51
555	3121	57
61	3361	24
500	3361	44
661	3761	73
400	3841	70
479	4081	29
793	4081	22
675	4321	46
756	4321	63
343	4561	31
673	4561	20
721	4721	52
94	4801	42
623	4801	44
205	4881	37
535	4961	57
561	5041	75
93	5121	54
174	5121	54
79	5201	69
649	5441	38
514	5521	33
721	5521	73
457	5761	33
286	5841	33
580	5921	42
606	6081	64
749	6161	47
23	6241	35
283	6241	45
96	6321	79
402	6321	32
335	6401	75
425	6561	66
652	6721	23
400	6801	26
536	6801	72
564	6881	36
209	6961	75
327	6961	74
513	6961	21
593	7201	74
581	7441	64
702	7601	45
229	7681	48
132	7761	79
396	7761	51
234	7841	46
328	7841	79
500	7841	33
697	7841	77
537	7921	50
800	7921	27
694	8081	20
195	8161	62
359	8161	37
20	8241	64
344	8241	24
294	8481	54
670	8721	38
49	9121	41
347	9121	70
46	9201	78
86	9201	29
198	9281	53
436	9281	40
13	9441	30
696	9441	65
549	9761	20
682	9761	62
791	9761	65
561	9921	44
97	10001	24
633	10001	34
780	10001	47
681	10161	61
481	10241	35
542	10481	59
37	10641	65
166	10881	36
787	10961	52
2	11041	76
602	11201	25
295	11281	27
582	11441	73
236	11521	67
425	11521	28
650	11521	63
379	11601	27
785	11601	40
498	11761	43
374	11841	75
115	11921	39
590	11921	63
788	11921	37
476	12001	46
9	12081	63
648	12081	46
63	12161	55
95	12161	61
482	12161	74
604	12161	20
532	12481	65
591	12481	65
735	12561	74
481	12641	64
425	12721	35
527	12801	28
720	12801	72
800	12961	80
102	13041	42
681	13041	56
17	13121	34
303	13121	42
565	13201	40
685	13281	73
335	13441	79
601	13441	37
202	13601	76
274	13601	45
690	13761	60
729	13921	51
589	14081	20
143	14161	69
208	14161	59
635	14321	43
649	14481	27
67	14561	40
561	14561	59
272	14641	23
689	14641	39
688	14721	70
195	14881	69
617	14961	22
700	15041	49
377	15121	59
11	15201	64
192	15281	31
272	15281	28
720	15441	34
287	15521	62
686	15521	46
360	15601	33
483	15681	73
356	15761	33
459	15761	69
493	15841	75
529	16001	20
666	16001	52
276	16161	59
277	16481	45
716	16961	70
386	17041	23
525	17121	45
647	17121	69
744	17361	59
749	17441	69
401	17521	72
783	17521	71
646	17761	48
439	17841	77
673	17841	47
681	17921	49
59	18001	74
642	18081	63
238	18241	73
747	18321	44
280	18401	23
457	18481	42
710	18481	62
258	18561	75
283	18641	32
743	18641	47
125	18721	67
120	18801	26
777	18801	63
575	18961	46
733	19041	35
338	19361	20
176	19441	73
612	19441	69
386	19601	69
682	19601	57
638	19681	40
781	19681	45
656	19761	23
756	19841	36
323	19921	28
676	20001	37
129	20161	37
785	20241	69
563	20481	75
349	20561	71
715	20561	44
710	20641	40
486	20721	55
179	20801	39
306	20961	69
326	20961	44
472	20961	47
293	21201	43
559	21201	79
184	21281	73
2	21761	78
721	21841	74
39	21921	33
335	22161	65
12	22241	73
334	22321	75
701	22321	54
459	22561	70
88	22801	58
113	22881	72
644	22881	71
488	22961	36
301	23041	51
603	23121	26
24	23201	43
201	23201	38
475	23281	66
11	23361	55
731	23521	52
507	23601	60
764	23601	37
320	23681	75
116	23841	64
256	23841	35
258	23921	67
450	24081	70
281	24161	73
355	24241	38
768	24401	29
115	24481	40
759	24641	51
30	24721	78
667	24721	78
567	24801	40
745	24801	61
326	24961	57
235	25121	28
721	25281	73
95	25361	23
765	25361	51
526	25441	60
81	25521	37
37	25601	77
547	25761	50
240	25841	25
612	25841	65
201	25921	80
483	25921	31
597	25921	32
126	26081	49
789	26321	66
532	26401	52
602	26481	68
75	26561	37
110	26641	57
342	26641	66
625	26721	41
115	26881	21
389	26881	37
647	26881	38
40	26961	24
401	27041	44
90	27121	26
206	27121	65
135	27201	45
49	27361	28
756	27361	38
737	27441	65
774	27601	21
121	27681	32
724	27681	57
574	27921	43
447	28161	64
226	28241	23
284	28241	28
769	28401	25
461	28481	73
95	28641	44
53	28801	49
466	28961	53
706	29121	58
589	29201	30
583	29361	49
643	29521	72
380	29601	35
24	29841	74
613	30001	55
798	30161	54
21	30321	71
311	30481	51
213	30801	37
400	30801	46
662	30801	69
149	30881	77
531	30881	35
579	31121	50
799	31121	32
407	31361	60
801	31361	35
750	31521	46
537	31601	30
732	31841	46
77	32001	67
567	32001	38
153	32241	58
484	32321	38
90	32401	35
319	32401	21
619	32561	55
677	32561	62
250	32641	58
454	32641	59
9	32801	32
204	32801	50
640	32801	23
45	32961	48
144	33041	50
127	33121	29
572	33121	51
583	33281	65
308	33441	46
212	33681	75
375	33761	43
540	33761	25
398	34001	79
432	34001	69
202	34161	53
311	34161	50
68	34241	68
257	34241	75
705	34241	20
238	34321	44
577	34481	79
653	34561	42
53	34721	72
57	34801	63
182	34801	56
416	34801	75
646	34801	26
416	34881	64
471	34961	51
269	35041	60
492	35041	72
370	35121	32
104	35201	36
204	35201	24
308	35281	30
104	35361	38
458	35601	50
730	35601	66
45	35681	64
387	35681	30
44	35761	32
335	35761	33
783	35841	32
620	35921	23
