561	161	48
33	241	71
116	241	42
221	241	36
200	321	63
677	321	66
723	401	43
323	641	66
662	641	75
746	641	43
135	721	75
743	721	33
234	801	63
730	801	33
722	881	30
547	961	28
604	961	76
402	1041	28
507	1041	43
793	1041	64
400	1201	25
440	1281	77
69	1441	55
200	1441	69
716	1601	62
65	1681	30
331	1681	27
552	1681	56
554	1921	38
651	1921	76
609	2001	59
7	2081	67
454	2081	35
605	2081	33
206	2241	56
539	2321	24
358	2401	36
605	2401	39
384	2481	31
618	2561	58
346	2641	45
91	2721	61
517	2801	49
118	3041	36
552	3041	53
20	3121	38
440	3121	73
364	3201	22
688	3201	77
204	3281	24
386	3281	55
607	3281	70
264	3441	76
439	3441	21
547	3441	36
526	3681	65
632	3681	80
644	3681	42
334	3761	40
5	3841	32
187	3841	77
36	4001	25
194	4001	53
614	4001	71
367	4081	30
714	4081	20
794	4081	65
368	4241	57
257	4401	46
595	4401	45
733	4401	44
328	4641	55
480	4641	62
497	4641	53
429	4721	79
575	4801	70
567	4881	54
643	4881	75
337	4961	77
503	5121	69
102	5201	67
491	5281	57
544	5441	35
689	5441	29
11	5601	52
463	5681	54
801	5681	74
213	5761	68
460	5921	67
297	6081	77
532	6081	56
141	6241	20
354	6321	52
780	6481	53
8	6641	31
341	6641	67
722	6641	63
171	6721	60
654	6721	61
77	6801	77
274	6801	59
753	6801	55
594	6881	20
695	6881	57
116	6961	53
53	7041	36
670	7041	60
259	7121	43
642	7201	68
376	7281	58
181	7521	71
601	7521	20
144	7601	50
608	7601	78
104	7681	39
379	7681	21
306	7921	23
721	7921	30
57	8081	65
726	8161	38
172	8321	28
724	8321	62
348	8401	46
764	8401	78
174	8481	28
376	8481	47
526	8481	69
318	8561	77
358	8561	54
298	8641	66
330	8641	23
64	8721	78
192	8801	72
611	8801	48
115	8881	50
363	8881	58
476	8881	36
586	8881	25
43	9041	32
398	9041	53
451	9281	75
568	9361	68
124	9601	34
539	9681	60
412	9841	41
592	9841	75
619	9921	26
565	10001	71
109	10161	33
718	10161	79
389	10241	56
429	10241	71
703	10241	79
274	10321	45
517	10321	51
87	10481	56
388	10481	31
464	10481	67
271	10561	64
766	10561	70
95	10801	26
493	10801	52
110	10881	54
787	10881	57
666	10961	40
688	11041	78
714	11121	30
77	11281	33
524	11281	42
637	11441	24
148	11521	46
30	11601	48
150	11601	67
571	11601	30
576	11681	45
217	11761	79
719	11761	69
323	11841	74
283	12001	67
327	12161	21
297	12241	52
462	12241	31
191	12321	50
524	12321	50
2	12401	42
470	12401	68
527	12401	68
746	12401	45
315	12481	55
791	12561	41
481	12641	69
765	12641	35
177	12721	23
452	12721	50
339	12801	64
500	12801	51
550	12961	61
134	13041	80
184	13041	50
350	13041	55
138	13121	40
415	13121	67
767	13121	39
12	13281	32
93	13281	37
418	13281	58
406	13361	61
612	13361	63
329	13441	40
76	13521	80
144	13601	67
718	13601	72
119	13681	46
641	13681	28
456	13841	24
57	13921	29
427	13921	32
651	14001	29
53	14161	74
784	14161	70
167	14241	56
778	14241	42
264	14321	40
608	14401	35
22	14481	25
306	14481	52
707	14561	73
169	14721	65
559	14721	45
582	14801	57
307	14881	71
690	14881	75
587	14961	26
724	14961	41
339	15041	78
50	15121	74
797	15121	36
593	15201	31
561	15281	72
685	15281	78
63	15361	79
125	15601	20
469	15601	44
445	15841	68
386	15921	24
484	15921	62
625	15921	60
674	15921	72
434	16001	48
579	16081	66
261	16161	50
762	16161	29
153	16241	61
772	16241	35
621	16321	31
172	16481	80
35	16561	54
165	16561	72
358	16561	64
552	16801	65
787	16881	53
264	16961	21
346	16961	25
385	17281	28
506	17281	39
612	17361	53
161	17441	46
525	17521	44
232	17601	40
136	17841	25
16	18161	21
26	18321	56
231	18321	62
123	18481	41
593	18481	56
506	18641	80
28	18721	50
314	18721	57
559	18881	67
179	18961	66
343	19121	45
91	19281	76
201	19521	43
399	19521	29
297	19601	64
289	19681	47
97	19761	76
394	19761	29
233	19841	64
544	19841	29
617	19841	74
658	19921	70
25	20001	20
801	20001	71
311	20081	65
378	20081	69
749	20081	63
77	20481	62
80	20561	30
245	20721	77
407	20721	49
711	20721	62
553	20801	39
328	20881	80
36	21121	68
520	21121	51
113	21201	65
350	21201	26
497	21201	47
459	21361	40
41	21441	50
116	21441	57
787	21441	72
6	21521	43
67	21681	20
124	21681	61
542	21841	51
712	21921	31
729	21921	28
595	22001	21
721	22001	43
21	22081	33
508	22241	56
680	22241	20
241	22321	69
388	22321	66
538	22321	69
322	22561	49
386	22641	36
6	22961	56
147	23041	43
394	23121	54
305	23201	50
331	23281	72
747	23281	25
279	23361	20
327	23441	68
486	23441	58
580	23441	67
747	23441	50
528	23601	22
664	23601	79
716	23681	62
63	23761	30
49	23921	59
481	24081	47
12	24161	44
431	24161	46
213	24241	39
686	24321	61
180	24481	47
615	24801	55
346	24881	75
224	25201	23
10	25281	59
115	25281	41
486	25281	64
801	25281	65
424	25361	54
595	25361	44
70	25441	46
126	25521	68
590	25841	63
15	25921	80
214	26081	33
443	26321	61
203	26401	33
283	26401	38
639	26401	38
168	26561	61
713	26561	55
751	26641	62
433	26721	31
20	26801	41
701	26801	62
480	26881	26
224	26961	54
623	27041	48
704	27041	39
761	27041	43
299	27121	80
347	27121	51
537	27121	75
215	27521	65
389	27521	63
605	27601	30
647	27601	75
567	27681	23
685	27761	58
738	27761	70
120	27841	27
619	27841	27
16	27921	78
576	27921	45
743	28001	53
30	28081	27
328	28081	24
88	28161	70
758	28161	49
644	28241	56
471	28321	67
439	28481	28
292	28561	36
657	28561	63
97	28641	64
213	28801	45
697	28801	57
75	28881	40
414	28881	51
779	28881	78
336	28961	36
94	29041	25
560	29041	55
390	29441	25
588	29601	79
343	29921	43
41	30161	43
364	30241	38
83	30321	61
273	30481	52
514	30641	68
467	30801	64
557	30801	71
239	30881	36
375	30961	52
144	31041	58
442	31041	33
683	31121	60
104	31281	21
211	31281	30
791	31441	50
166	31521	60
429	31601	72
643	31681	70
562	31761	41
7	31841	54
370	31841	35
437	31841	40
72	31921	66
190	32081	45
182	32161	65
598	32161	27
43	32241	24
248	32241	43
275	32321	67
90	32401	72
178	32561	22
376	32561	20
47	32641	75
105	32641	22
401	32801	49
449	32801	59
554	32881	50
314	33041	45
79	33121	76
453	33281	78
26	33441	66
192	33441	79
109	33521	20
311	33521	22
675	33601	34
68	33681	50
524	33681	23
661	33681	35
495	33761	79
360	33841	56
362	33921	21
373	34161	53
428	34161	41
467	34321	33
255	34481	75
351	34481	71
293	34561	26
97	34641	53
549	34641	71
309	34881	64
654	34961	50
300	35041	77
651	35041	66
704	35121	72
392	35201	57
293	35281	75
769	35281	58
201	35361	31
443	35361	33
685	35361	56
562	35521	76
693	35681	37
509	35761	75
256	35841	75
334	35841	73
