114	1	38
165	81	42
78	161	70
90	161	79
756	401	55
19	561	47
545	561	78
594	561	23
596	641	73
236	721	65
618	1121	56
49	1281	39
608	1441	43
600	1521	31
214	1601	24
704	1601	71
770	1681	48
204	1761	53
413	1761	25
536	1841	21
218	1921	48
423	2001	46
254	2081	67
557	2081	66
259	2161	33
169	2401	48
260	2401	46
484	2401	25
801	2481	29
549	2801	51
759	2801	68
541	3041	73
30	3121	79
241	3201	50
498	3201	43
779	3201	75
434	3361	22
742	3441	72
673	3601	56
348	3681	52
645	3681	60
599	3921	35
211	4081	29
460	4081	76
214	4161	21
223	4321	71
527	4321	42
10	4401	43
577	4401	73
309	4561	52
326	4561	31
453	4721	59
677	4721	31
342	4881	26
246	4961	43
378	4961	69
28	5041	53
280	5121	79
477	5441	32
157	5601	78
161	5601	79
461	5601	67
84	5761	55
653	5761	68
759	5841	72
739	5921	33
613	6001	79
651	6001	78
116	6081	68
53	6161	55
291	6161	52
742	6161	39
563	6241	50
463	6321	62
551	6321	57
418	6481	28
741	6481	60
391	6561	75
208	6641	80
32	6961	74
163	7041	56
380	7121	69
656	7121	72
627	7201	78
780	7441	75
445	7521	40
504	7521	60
94	7601	69
310	7601	43
7	7681	53
103	7681	39
472	7681	64
77	7761	43
383	7761	48
486	7761	61
757	7761	57
652	7841	39
450	7921	50
375	8001	68
22	8081	36
414	8081	63
561	8081	33
36	8241	78
426	8241	42
574	8241	63
422	8321	40
416	8401	49
390	8481	77
638	8561	24
44	8641	28
90	8641	32
146	8721	56
90	8801	73
277	8801	50
169	8881	34
232	9041	29
540	9041	40
495	9121	53
375	9281	63
361	9361	72
101	9521	52
757	9601	54
178	9681	70
530	9681	61
459	9761	25
573	9841	29
167	9921	54
595	10001	26
469	10161	69
206	10241	48
365	10321	41
150	10401	50
334	10801	78
710	10801	30
84	10881	71
369	10881	27
636	10961	49
13	11041	42
498	11041	64
696	11201	76
81	11281	71
331	11281	44
667	11281	74
35	11441	29
235	11441	61
140	11601	30
394	11601	69
458	11601	64
67	12001	57
260	12081	63
705	12241	54
357	12401	75
231	12481	27
287	12561	59
353	12561	56
713	12641	72
93	12721	59
435	12881	57
412	13041	51
133	13121	42
702	13121	48
369	13201	52
721	13201	43
140	13361	53
754	13601	31
51	13681	44
611	13681	32
485	13761	70
739	13841	42
561	13921	49
591	14081	32
721	14081	78
372	14241	39
11	14561	47
380	14641	57
344	14721	69
241	14801	26
711	14801	80
345	14881	80
66	15041	27
558	15041	37
314	15121	73
138	15281	49
249	15281	68
558	15281	53
694	15281	52
410	15361	54
248	15521	44
275	15601	34
50	15681	32
308	15921	52
161	16001	62
790	16001	57
75	16081	36
169	16081	52
305	16161	31
508	16241	65
277	16321	46
277	16401	79
383	16561	44
672	16561	67
66	16721	50
380	16721	32
197	16961	54
569	17041	80
801	17041	33
445	17121	23
559	17121	49
714	17201	47
673	17361	53
181	17441	29
411	17441	69
265	17521	42
270	17601	44
374	17601	74
153	17681	61
392	17841	67
477	17921	52
141	18081	70
631	18081	69
701	18081	61
343	18161	70
529	18241	45
704	18241	22
401	18321	55
100	18401	31
749	18481	32
48	18641	74
382	18641	30
128	18961	41
262	18961	78
717	18961	25
45	19041	37
40	19121	45
202	19441	51
569	19521	23
740	19521	31
29	19761	68
321	19761	59
487	19761	29
607	19921	21
678	19921	67
762	19921	37
283	20081	32
92	20161	72
226	20241	28
322	20241	47
263	20321	40
8	20401	73
327	20401	22
330	20481	60
655	20481	79
529	20561	51
455	20641	71
482	20641	36
647	20641	64
4	20721	69
670	20721	42
129	20881	42
400	20881	74
137	20961	62
674	20961	20
798	21041	59
138	21121	44
551	21201	39
643	21201	77
285	21441	49
594	21441	46
210	21601	76
362	21601	61
64	21921	66
507	21921	46
31	22001	53
109	22161	61
755	22161	46
33	22481	64
437	22561	20
109	22721	48
536	22721	61
172	22881	52
201	22961	78
498	22961	70
90	23041	41
602	23121	62
557	23201	57
260	23281	25
568	23281	70
124	23521	58
290	23521	63
627	23521	59
137	23601	39
331	23601	66
421	23601	80
646	23601	38
345	23681	73
426	23761	20
22	23921	28
582	23921	31
127	24001	27
678	24241	63
642	24401	26
398	24561	79
685	24801	51
152	24961	42
337	24961	71
548	24961	69
668	24961	41
482	25041	45
131	25201	69
365	25201	21
793	25441	46
111	25601	56
413	25601	26
592	25601	50
471	25681	24
400	25841	49
60	25921	55
549	25921	21
638	25921	73
75	26161	46
148	26161	73
681	26161	72
759	26161	50
613	26321	61
735	26321	47
373	26401	33
693	26401	43
52	26721	60
188	26721	38
605	26801	22
756	26881	75
276	27041	64
187	27121	45
529	27201	52
246	27441	21
105	27601	24
653	27601	62
554	27681	20
85	27761	28
542	27921	71
238	28081	46
642	28081	47
782	28081	35
751	28241	61
487	28401	68
29	28481	55
12	28561	26
247	28641	56
676	28641	27
786	28641	62
605	28721	32
682	28721	51
618	28801	76
30	28961	66
669	28961	54
170	29041	21
277	29121	76
420	29201	43
711	29201	75
699	29281	73
140	29521	74
249	29521	32
196	29601	65
481	29681	41
566	29681	38
273	29761	69
510	29761	24
537	29841	30
575	29841	67
523	30241	52
653	30241	40
364	30321	51
461	30401	38
116	30561	64
183	30561	38
631	30561	77
264	30641	68
589	30641	38
240	30721	75
708	30881	33
295	30961	76
388	30961	45
161	31361	76
559	31361	24
496	31441	80
767	31441	23
251	31761	54
198	31841	23
432	31841	41
566	31921	60
224	32001	20
225	32161	60
527	32241	55
486	32321	24
347	32401	27
66	32481	31
571	32561	62
574	32641	60
77	33121	64
227	33121	22
489	33121	36
168	33281	45
275	33281	77
274	33361	48
332	33361	20
704	33441	35
713	33601	66
150	33681	72
317	33681	50
190	33841	23
716	33841	35
290	34081	35
328	34081	61
691	34081	34
217	34241	44
639	34401	38
50	34561	62
394	34561	31
330	34641	32
1	34721	32
228	34721	75
676	34721	73
404	34881	54
579	34961	39
578	35041	40
582	35121	23
9	35201	56
446	35201	72
317	35281	53
497	35361	68
232	35441	74
791	35681	67
318	35841	64
787	35841	65
