592	81	77
384	161	75
369	241	36
717	401	35
75	481	75
272	561	56
352	561	27
725	561	27
562	801	23
6	881	39
797	961	63
298	1041	74
366	1041	55
650	1121	24
490	1201	59
11	1281	79
791	1361	27
772	1441	42
128	1521	57
436	1521	77
596	1601	33
292	1681	59
321	1681	39
664	1681	75
728	1761	52
9	1841	23
411	1841	26
149	1921	80
501	2081	66
104	2161	56
487	2161	22
733	2321	66
527	2401	20
64	2481	47
713	2721	28
148	2801	32
688	2961	25
539	3201	56
5	3281	45
667	3281	35
114	3761	70
192	3761	20
457	3761	50
96	4161	27
537	4241	71
464	4641	35
661	4721	60
324	4881	65
436	4961	69
699	5041	74
774	5201	27
390	5361	22
449	5361	28
188	5441	26
721	5601	73
625	5681	29
296	5761	78
306	5841	31
575	6081	57
43	6161	58
666	6161	59
464	6241	55
636	6321	44
247	6481	58
738	6561	76
389	6641	47
555	6641	35
691	6801	34
110	6881	45
629	6881	20
375	6961	39
355	7041	51
618	7041	41
562	7121	68
409	7281	31
24	7361	60
743	7601	39
782	7681	56
58	7761	51
129	7841	76
612	7841	66
762	7841	56
425	8161	68
790	8161	32
558	8241	28
624	8241	72
325	8321	36
491	8321	72
5	8401	60
112	8401	79
205	8401	24
427	8481	35
315	8561	79
624	8561	58
23	8721	45
158	8721	63
194	8721	26
654	8721	68
294	8801	54
194	8881	77
543	9041	49
351	9121	43
541	9201	31
6	9361	40
134	9441	67
565	9601	34
473	9681	70
199	9761	56
428	9761	38
252	9841	24
561	9841	62
501	9921	41
167	10001	27
701	10001	37
491	10081	23
433	10241	55
537	10241	35
737	10241	33
139	10321	42
578	10321	62
240	10401	68
324	10481	27
443	10481	64
14	10561	64
635	10561	75
424	10721	51
281	10801	74
270	10881	37
711	10881	41
345	11041	55
717	11121	65
517	11281	53
701	11281	20
267	11441	47
477	11521	77
676	11521	25
759	11521	36
304	11601	60
541	11601	30
572	11601	57
87	11681	31
296	11921	55
714	11921	76
672	12001	20
416	12081	79
134	12161	28
798	12161	79
329	12241	78
322	12321	51
535	12321	44
732	12321	50
488	12481	63
666	12561	28
104	12641	77
219	12641	40
336	12641	28
705	12801	65
632	12961	44
171	13121	39
720	13121	64
162	13201	45
482	13361	67
341	13521	35
635	13761	47
298	13841	30
468	13841	75
269	13921	49
776	14081	32
58	14161	66
658	14161	77
466	14321	43
486	14321	45
778	14321	37
404	14401	28
680	14401	62
345	14481	28
564	14481	57
517	14561	32
663	14561	67
449	14641	48
513	14641	31
562	14641	49
486	14721	79
10	14961	66
165	14961	80
623	14961	72
186	15041	43
561	15121	71
632	15121	42
545	15281	22
14	15361	22
64	15441	41
621	15441	28
137	15521	79
798	15521	51
645	15761	68
771	16241	80
335	16321	63
581	16321	80
593	16481	30
363	16561	52
345	16641	77
573	16641	51
636	16721	33
606	16801	72
666	16801	63
122	16881	56
276	16881	78
687	16881	46
571	17041	55
716	17041	25
546	17121	37
396	17201	55
797	17281	20
313	17361	63
524	17361	25
377	17601	60
574	17841	80
721	17841	73
403	17921	30
17	18001	59
372	18001	50
142	18081	74
4	18161	50
26	18241	59
424	18241	36
773	18401	54
127	18481	24
769	18561	73
10	18721	26
8	18881	21
314	18881	22
661	18881	20
684	19041	74
778	19121	71
307	19281	24
332	19361	66
342	19521	70
27	19841	51
712	19921	75
618	20001	48
46	20081	63
257	20081	64
332	20081	64
662	20081	76
125	20161	68
279	20241	49
1	20321	78
148	20321	21
150	20481	52
191	20481	31
225	20561	27
305	20561	22
774	20561	67
463	20641	42
641	20961	52
261	21041	44
725	21041	68
107	21201	48
356	21361	51
41	21441	25
684	21441	69
201	21521	22
460	21601	77
750	21601	28
784	21681	26
460	21761	26
652	21761	37
28	21841	39
248	21841	41
342	21841	51
671	21921	62
12	22161	48
195	22241	49
249	22241	65
497	22241	59
678	22321	72
292	22401	53
308	22481	42
738	22561	22
672	22641	25
5	22721	77
590	22801	63
689	22801	32
658	22881	62
97	22961	23
479	23041	32
38	23121	64
92	23201	71
90	23281	78
417	23281	63
550	23281	75
721	23361	43
769	23361	26
222	23441	59
356	23441	64
468	23441	66
411	23601	60
390	23681	33
487	23681	48
710	23761	32
774	23761	72
283	23841	65
27	23921	20
431	24081	39
762	24081	39
211	24481	50
289	24481	54
110	24561	80
390	24561	74
497	24641	42
44	24881	39
119	24961	73
500	24961	59
641	24961	67
249	25121	70
700	25121	52
261	25201	51
381	25201	40
767	25201	52
430	25281	52
615	25361	54
401	25441	26
684	25441	31
336	25521	47
444	25601	68
620	25601	47
537	25681	35
613	25681	29
421	25841	45
184	25921	78
334	26001	78
668	26001	70
483	26081	74
5	26161	71
51	26321	74
772	26321	25
144	26641	34
558	26641	29
627	26641	79
64	26721	47
159	26721	35
400	26721	37
652	26721	62
139	26801	33
438	26801	40
418	26961	21
81	27041	34
539	27041	58
776	27201	21
220	27281	79
275	27281	62
726	27281	80
323	27361	34
163	27441	34
765	27441	76
459	27521	30
637	27521	75
485	27601	25
152	27761	32
541	27761	56
80	27841	64
101	28001	49
310	28001	38
715	28001	35
147	28081	39
632	28081	26
482	28161	31
771	28321	56
357	28401	29
477	28401	77
622	28401	69
752	28401	44
789	28641	60
375	28721	69
648	28721	75
441	28801	32
401	28881	59
346	29121	71
571	29121	45
343	29201	51
479	29281	76
322	29441	66
465	29521	80
160	29601	33
463	29601	67
531	29681	47
745	29681	72
55	29761	41
751	29921	77
59	30081	55
424	30081	59
291	30161	38
530	30161	77
669	30161	35
129	30241	38
262	30241	42
619	30241	72
790	30241	43
225	30321	58
756	30321	23
113	30401	33
316	30561	34
606	30561	51
237	30641	33
723	30641	44
799	30721	22
130	30801	39
721	30801	35
608	31121	75
147	31281	50
76	31361	63
60	31441	66
458	31441	21
241	31521	61
460	31521	68
190	31601	74
3	31681	76
184	31681	76
431	31761	32
329	32081	74
11	32161	69
367	32161	76
502	32161	24
640	32321	58
385	32401	42
21	32481	31
338	32481	74
552	32481	33
262	32641	55
361	32641	80
451	32641	77
641	32641	79
45	32881	66
461	32881	33
62	33041	44
158	33041	60
210	33041	51
321	33121	45
171	33281	50
700	33281	73
785	33281	37
46	33441	53
618	33441	62
534	33601	67
167	33681	43
269	33921	71
303	34001	78
466	34081	60
84	34161	64
429	34161	21
571	34161	66
183	34241	61
351	34321	30
547	34321	47
750	34401	60
529	34481	69
30	34561	48
329	34561	56
745	34721	55
118	34801	41
168	35041	67
462	35121	23
31	35201	63
448	35281	66
791	35281	64
575	35361	78
688	35521	71
434	35681	25
567	35761	66
671	35761	51
759	35761	24
24	35921	76
143	35921	56
