115	1	34
727	1	23
493	81	61
264	161	33
357	161	73
3	241	61
123	241	35
358	241	71
277	401	53
590	401	33
556	561	27
372	641	65
70	721	37
435	721	58
775	801	26
212	881	39
508	881	21
548	961	59
368	1041	54
524	1041	58
795	1121	25
65	1281	68
294	1361	43
184	1521	69
607	1521	80
191	1601	23
210	1681	20
306	1841	71
730	2081	43
627	2161	70
300	2241	67
440	2241	74
610	2241	52
157	2321	66
773	2321	72
132	2401	76
574	2401	40
4	2561	25
459	2561	44
196	2801	38
635	2801	34
718	2881	42
626	2961	26
1	3041	54
340	3041	34
106	3201	23
264	3281	29
720	3281	21
624	3361	44
46	3441	37
463	3521	78
575	3601	77
163	3681	72
390	3681	34
336	3761	47
542	4161	36
678	4161	41
211	4321	46
84	4561	26
223	4801	66
277	4961	67
383	4961	49
383	5041	68
117	5121	42
180	5121	49
522	5121	42
713	5121	67
16	5201	26
586	5201	44
574	5761	21
157	5841	65
168	5841	71
268	5921	48
108	6001	62
396	6081	73
558	6081	38
582	6081	62
703	6241	70
503	6321	65
784	6321	33
462	6481	68
445	6561	26
355	6641	59
473	6641	49
7	6721	46
138	6721	70
681	7041	62
308	7121	76
459	7201	60
607	7281	80
561	7441	32
591	7441	69
131	7761	24
241	7761	56
350	7841	52
101	7921	48
176	8001	41
668	8001	33
648	8241	24
233	8321	39
491	8401	51
501	8561	35
683	8641	37
260	8721	77
618	9041	42
655	9041	26
204	9121	77
566	9121	57
227	9201	74
519	9281	23
685	9281	71
485	9361	22
264	9441	80
30	9521	42
522	9521	31
212	9601	75
44	9681	36
252	9761	73
385	9761	34
61	9921	49
544	9921	71
555	10001	70
734	10161	64
427	10321	61
161	10401	51
17	10481	32
382	10481	71
59	10641	35
1	10801	26
668	10801	79
720	10881	30
334	10961	58
470	10961	35
663	11041	22
177	11121	24
394	11201	59
718	11281	39
768	11281	42
356	11361	60
287	11441	80
660	11521	44
754	11521	22
62	11761	54
273	11761	40
721	11761	23
753	11841	29
164	11921	28
718	11921	59
710	12001	73
13	12081	25
131	12081	56
704	12161	53
195	12321	68
536	12321	21
83	12401	40
479	12561	78
572	12721	73
162	12881	43
712	12881	58
701	12961	63
710	13041	38
22	13121	55
714	13201	48
645	13281	56
728	13681	77
297	13841	31
295	13921	71
337	14001	21
693	14001	40
699	14081	39
171	14161	33
476	14161	64
725	14161	36
148	14241	27
474	14241	29
781	14401	60
492	14561	34
506	14641	54
603	14641	53
507	14881	41
677	14961	45
735	14961	56
460	15121	28
230	15201	27
467	15201	59
314	15281	41
421	15281	49
634	15361	48
509	15521	47
229	15681	72
657	15761	55
325	15841	62
385	15921	56
57	16241	40
551	16241	35
754	16321	71
743	16481	41
132	16561	33
184	16801	23
408	16881	40
797	16881	41
71	17281	61
91	17281	64
682	17441	74
750	17441	72
87	17601	54
722	17601	42
547	17761	61
105	17841	33
531	17841	21
617	17841	56
784	18081	46
100	18161	25
358	18161	58
359	18241	54
551	18241	63
242	18321	63
237	18401	38
250	18481	74
6	18561	36
161	18561	53
424	18561	74
42	18641	78
175	18641	50
292	18641	21
394	18641	26
608	18641	25
708	18641	76
672	18801	47
453	18881	69
45	19041	47
239	19041	57
335	19041	66
718	19121	31
603	19281	58
775	19281	66
45	19441	71
462	19441	78
511	19441	56
485	19601	40
641	19601	68
640	19761	29
80	19841	71
486	19841	24
625	19841	73
330	20001	26
175	20081	25
370	20161	37
445	20241	66
530	20241	70
723	20401	56
441	20481	68
543	20561	66
131	20641	30
334	20721	56
419	20801	72
483	20961	28
377	21121	56
502	21201	31
565	21201	51
672	21201	23
277	21601	32
481	21601	45
28	21681	55
290	21681	22
388	21761	32
546	21841	71
263	21921	80
24	22321	29
771	22321	71
568	22401	28
180	22481	31
502	22481	41
529	22561	60
60	22641	44
79	22721	44
255	22721	38
590	22881	58
51	22961	66
299	23041	38
546	23041	50
44	23121	53
159	23121	66
43	23201	48
714	23281	77
791	23361	57
89	23521	72
131	23601	26
247	23761	24
775	23761	65
408	23921	54
583	24001	62
62	24081	47
447	24081	65
21	24241	69
3	24401	78
353	24401	62
252	24481	49
431	24561	35
303	24641	29
544	24641	38
704	24641	26
368	24801	76
328	24961	56
564	24961	32
759	24961	70
288	25201	63
425	25361	61
611	25441	52
300	25681	52
773	25681	37
424	26321	24
439	26641	29
536	26801	65
574	26881	63
754	26881	58
89	27041	41
647	27041	58
112	27121	47
721	27201	59
398	27361	77
355	27441	68
713	27441	54
20	27521	36
240	27521	43
680	27761	73
64	28161	65
181	28401	24
293	28561	76
88	28721	36
399	28961	78
520	29041	25
371	29121	31
726	29201	74
200	29281	25
388	29281	70
759	29361	75
229	29441	33
321	29681	79
737	29681	48
303	29761	24
507	29761	57
216	29841	39
692	29841	36
774	30001	37
328	30161	35
731	30241	71
4	30561	80
331	30641	23
502	30641	59
742	30641	35
113	30721	59
213	30721	20
404	30961	33
308	31121	59
788	31201	39
232	31281	50
59	31361	63
127	31521	28
619	31521	44
241	31681	50
359	31681	27
728	31681	24
349	31921	76
146	32241	57
629	32241	44
738	32241	72
269	32401	67
585	32401	32
656	32401	43
127	32561	65
503	32721	34
213	32801	38
380	32801	76
338	32881	57
60	32961	22
280	32961	59
329	32961	41
287	33121	57
603	33281	74
656	33281	28
244	33361	44
442	33441	59
457	33521	41
746	33601	49
654	33761	70
131	33921	58
120	34161	46
304	34161	64
685	34321	35
215	34401	58
500	34401	34
184	34481	67
307	34481	72
186	34561	36
309	34641	35
498	34641	39
111	34721	41
671	34881	29
776	34881	50
66	34961	74
96	34961	73
149	35121	70
41	35281	74
400	35361	69
473	35361	27
123	35441	64
230	35441	54
669	35681	36
264	35761	60
218	35841	60
363	35841	61
758	35841	62
