109	1	51
36	161	43
254	241	80
142	481	27
76	561	31
96	561	42
418	561	76
465	721	68
331	881	61
4	961	47
113	961	53
236	961	56
392	1041	28
464	1201	62
561	1201	21
614	1201	73
466	1281	45
509	1441	50
280	1521	33
371	1521	24
745	1601	46
235	1681	75
677	1761	67
147	1921	50
584	1921	34
176	2001	50
426	2001	55
161	2161	61
622	2321	71
25	2401	30
59	2481	61
82	2481	75
328	2481	39
749	2481	26
488	2561	53
276	2881	28
381	2881	63
551	2961	70
146	3041	28
394	3041	49
780	3121	28
330	3201	80
357	3281	30
478	3361	22
766	3361	45
553	3521	53
369	3601	67
25	3681	37
257	3761	60
458	3761	55
528	3761	70
146	3841	73
277	3841	77
100	3921	68
458	4001	64
516	4081	43
93	4321	52
277	4321	59
382	4401	70
547	4401	72
750	4481	55
77	4561	70
338	4641	68
533	4641	71
684	4641	73
265	4721	31
614	4721	37
28	4881	31
698	4961	31
77	5041	30
84	5041	72
252	5041	80
541	5441	57
258	5521	43
392	5521	21
458	5521	56
606	5521	46
9	5681	64
420	5841	47
507	5841	22
105	5921	71
582	6001	77
149	6081	70
44	6161	53
564	6241	70
655	6241	46
435	6321	48
670	6561	75
558	6641	35
401	6721	40
365	6801	57
442	6881	28
666	6881	37
357	6961	53
761	6961	59
792	7041	73
67	7201	73
165	7281	33
595	7361	64
290	7441	40
431	7441	77
703	7521	52
103	7761	47
319	7841	21
787	7841	62
231	7921	67
386	7921	53
582	7921	62
328	8001	61
203	8081	60
137	8161	20
233	8241	20
108	8321	27
611	8321	45
137	8641	21
688	8641	62
472	8881	48
550	8881	51
146	9041	77
550	9041	53
250	9121	49
297	9201	54
66	9281	35
196	9281	41
522	9281	60
178	9361	38
422	9361	76
720	9361	27
271	9441	41
74	9521	61
216	9521	37
286	9521	54
60	9601	41
728	9601	44
47	9681	36
561	9921	51
181	10001	20
84	10081	40
353	10081	59
375	10161	38
534	10241	50
647	10241	46
143	10401	65
11	10561	63
258	10641	44
605	10641	49
761	10641	69
770	10721	31
646	10801	52
425	10881	61
314	10961	30
37	11041	62
167	11041	55
455	11041	54
664	11041	65
212	11121	41
352	11281	23
10	11361	42
298	11441	75
325	11521	31
696	11521	76
730	11521	40
316	11601	36
341	11601	29
146	11841	52
393	11841	35
732	11841	43
794	11921	60
733	12161	63
321	12241	47
599	12241	32
537	12321	55
416	12481	58
511	12561	66
126	12721	68
476	12721	75
158	12801	21
211	12801	23
636	12881	52
87	13121	42
339	13121	68
415	13121	53
762	13121	50
364	13201	43
636	13201	20
563	13281	72
777	13361	73
38	13441	33
399	13521	66
761	13601	23
156	13681	59
226	13761	44
78	13921	30
245	13921	73
634	13921	42
780	13921	70
685	14001	29
57	14081	30
516	14081	39
159	14401	22
180	14401	55
6	14481	44
286	14481	26
633	14481	49
636	14641	31
762	14641	71
155	14721	26
118	14881	37
512	14881	64
579	14881	40
184	14961	58
195	15201	76
317	15201	30
166	15281	39
521	15281	42
102	15361	29
303	15441	45
710	15441	25
214	15521	68
147	15601	33
361	15601	67
513	15681	77
519	15761	27
771	15761	35
487	15841	60
732	15841	31
516	15921	45
617	15921	39
782	16001	50
501	16081	69
190	16161	24
637	16161	64
160	16321	77
299	16321	30
270	16401	26
586	16401	80
276	16481	22
299	16721	37
399	16721	69
420	16881	64
240	17041	29
608	17041	51
795	17121	23
352	17201	23
539	17201	60
734	17201	76
49	17521	51
57	17601	37
477	17601	36
80	17681	33
600	17681	24
138	17761	77
601	17841	69
157	17921	21
321	18081	48
561	18161	46
770	18241	48
103	18401	21
268	18401	24
649	18481	62
159	18561	60
620	18561	30
5	18641	23
616	18641	29
462	18881	63
380	18961	23
569	18961	72
285	19041	48
400	19041	79
655	19041	42
646	19281	32
32	19361	69
99	19361	42
212	19361	41
436	19441	60
759	19441	77
245	19601	20
534	19601	73
477	19681	41
338	19841	29
433	19841	27
588	19921	47
136	20001	71
244	20001	80
161	20161	67
279	20161	75
346	20161	53
37	20321	31
197	20321	20
425	20401	29
136	20561	67
168	20721	39
344	20801	29
145	20881	61
441	20961	47
527	20961	35
309	21041	33
389	21041	75
309	21201	75
481	21201	36
522	21201	22
391	21281	27
619	21441	21
596	21521	23
185	21601	48
751	21841	58
611	21921	71
169	22161	21
215	22241	53
281	22241	74
268	22321	61
343	22321	62
438	22321	75
109	22561	52
756	22561	34
563	22641	68
736	22641	78
100	22801	58
161	22961	72
56	23041	23
502	23041	27
680	23121	37
512	23201	69
630	23361	47
697	23361	28
670	23441	26
203	23521	39
514	23601	47
665	23761	75
36	23841	71
621	23841	35
161	23921	52
761	23921	30
282	24001	24
641	24161	78
229	24241	57
139	24321	44
585	24321	59
255	24561	49
540	24561	77
327	24641	42
585	24641	57
624	24721	73
22	24881	59
578	25041	65
235	25121	38
453	25121	64
174	25281	70
784	25441	78
680	25521	24
477	25601	23
490	25681	41
707	25681	24
142	25761	55
767	25841	69
64	26001	33
483	26001	47
431	26241	50
415	26401	64
576	26401	37
764	26481	78
478	26561	34
294	26801	59
444	26961	68
125	27041	48
272	27041	57
470	27041	35
590	27201	42
536	27281	60
656	27281	44
595	27361	46
510	27441	80
738	27441	71
677	27601	58
108	27681	28
162	27681	34
326	27681	30
525	27681	68
442	27761	34
568	27841	44
760	28001	48
95	28081	72
408	28081	80
629	28081	59
755	28161	78
124	28481	67
178	28481	74
350	28481	60
187	28641	61
589	28641	49
684	28721	69
179	28801	22
560	28801	75
788	28801	72
762	28881	21
342	29041	63
96	29201	60
706	29281	68
17	29441	76
357	29441	60
92	29601	33
736	29601	41
305	29681	64
85	29841	60
143	30001	62
239	30001	74
735	30001	50
104	30241	28
664	30401	29
141	30561	61
71	30641	68
395	30641	23
721	30721	48
321	30801	29
659	30801	70
649	30961	33
272	31041	50
131	31201	39
462	31201	72
776	31201	36
333	31281	51
742	31281	52
192	31361	26
291	31361	75
345	31681	59
648	31681	62
307	31841	54
323	31841	27
757	31841	66
38	32161	46
111	32161	40
69	32241	51
581	32241	64
537	32321	39
688	32321	42
429	32401	76
366	32481	72
760	32561	43
643	32641	32
65	32721	44
144	32721	34
123	32881	44
495	32881	59
625	32881	64
57	32961	46
398	32961	80
569	33041	20
644	33121	42
19	33361	30
2	33601	42
541	33601	55
282	33681	31
389	33681	40
150	33841	32
282	33841	67
90	34161	67
532	34241	63
647	34241	56
785	34241	77
741	34321	47
174	34401	74
388	34401	76
476	34401	36
651	34401	55
506	34481	79
721	34561	59
22	34641	79
108	34801	73
226	34801	39
471	34801	43
127	34881	35
567	34881	71
14	34961	46
447	35041	29
522	35281	39
641	35361	30
667	35441	27
385	35601	45
763	35601	57
9	35681	78
246	35681	42
277	35761	41
624	35761	47
