25	1	42
61	81	25
373	321	46
778	321	60
133	401	36
698	561	67
389	641	26
437	641	39
302	801	43
338	961	42
277	1041	56
670	1041	80
167	1121	22
380	1121	65
609	1121	77
714	1121	48
149	1201	32
195	1201	43
132	1361	42
583	1361	75
736	1521	23
320	1601	42
635	1601	31
194	1681	47
604	1681	78
33	1841	78
261	1841	47
336	1921	70
38	2001	55
527	2001	46
627	2001	35
11	2081	57
780	2161	76
239	2241	47
257	2241	35
103	2321	65
537	2321	25
236	2401	76
64	2481	69
587	2481	39
512	2561	33
646	2641	64
202	2721	77
573	2721	23
354	2881	50
645	2881	27
201	2961	36
360	2961	36
162	3121	42
393	3121	48
781	3121	21
508	3201	36
664	3281	51
431	3441	45
173	3521	29
119	3761	30
674	3841	69
666	3921	25
517	4001	78
569	4081	50
248	4161	34
420	4161	32
616	4161	38
61	4241	48
696	4321	69
580	4401	78
87	4561	56
97	4641	46
607	4801	39
732	4801	35
93	4961	73
125	5041	54
275	5121	51
81	5361	23
486	5361	57
481	5521	77
569	5601	80
98	5681	41
248	5681	52
464	5761	69
397	5921	42
613	6001	70
59	6161	45
708	6561	45
729	6561	28
500	6801	28
696	6801	23
63	6881	53
561	6881	75
772	6881	70
276	6961	79
75	7041	44
528	7121	45
532	7201	55
745	7201	37
30	7281	55
87	7521	64
525	7601	28
755	7601	67
4	7921	30
400	8161	50
761	8161	57
453	8241	38
293	8481	47
761	8481	63
445	8641	77
592	8641	44
535	8721	76
800	8881	47
628	8961	30
319	9041	78
602	9041	55
783	9121	65
724	9201	27
708	9441	69
536	9521	26
331	9681	73
762	9681	36
268	9761	77
190	9841	32
126	9921	27
603	9921	59
233	10001	48
274	10001	26
630	10001	63
773	10001	62
514	10321	63
632	10321	30
357	10401	28
570	10481	48
730	10561	71
690	10801	35
321	10881	42
404	10881	24
108	11041	35
247	11041	25
391	11121	76
506	11121	55
361	11201	71
124	11281	42
232	11281	67
44	11361	38
161	11361	32
247	11441	57
11	11521	28
227	11681	65
75	11761	55
143	11761	41
542	11841	46
636	11841	32
184	11921	21
323	11921	21
551	11921	21
63	12161	55
242	12161	76
410	12241	62
497	12321	35
118	12401	47
397	12401	61
531	12401	68
309	12481	46
431	12481	61
67	12561	48
414	12641	68
202	12881	60
733	12961	39
20	13041	27
225	13121	22
294	13201	57
365	13201	74
13	13361	39
583	13361	41
150	13441	23
485	13441	56
643	13521	80
66	13601	51
446	13681	40
484	13761	64
515	13841	20
58	14081	76
319	14081	71
495	14161	51
671	14161	45
144	14321	61
174	14401	70
2	14561	80
355	14561	60
671	14561	58
298	14641	43
422	14641	60
725	14721	32
270	14961	44
358	14961	34
74	15121	24
411	15121	55
656	15121	44
418	15441	72
339	15521	70
677	15601	52
172	15681	30
672	15681	39
174	15761	38
84	16161	38
24	16321	73
591	16321	53
13	16481	39
81	16801	30
331	16881	43
404	16881	46
199	16961	59
443	16961	26
210	17041	50
15	17121	22
520	17121	26
374	17201	21
467	17201	61
310	17281	32
150	17361	69
44	17441	70
232	17441	61
600	17441	66
544	17521	38
108	17601	54
385	17761	56
709	18001	44
104	18081	37
768	18081	26
82	18161	59
510	18161	51
634	18161	56
207	18241	40
355	18241	28
19	18641	66
732	18801	40
184	18881	66
33	18961	30
374	19041	23
158	19121	76
261	19121	38
45	19201	50
209	19361	23
510	19521	31
767	19521	79
444	19601	24
242	19681	54
584	19681	66
177	19761	26
364	19761	75
665	19761	62
200	20321	41
153	20401	69
267	20401	37
396	20641	30
20	20801	33
407	20801	23
560	20801	31
755	20801	72
645	20881	75
150	21041	40
354	21201	73
534	21201	47
107	21361	41
396	21361	36
520	21441	74
796	21441	45
141	21521	25
333	21521	52
139	21681	56
638	21761	23
632	21921	35
493	22241	58
262	22321	36
147	22401	35
506	22401	51
512	22481	75
631	22481	60
299	22561	50
62	22641	53
629	22641	23
652	22641	20
775	22641	33
445	22721	43
779	22801	41
678	22881	62
355	22961	52
24	23041	20
158	23041	25
221	23041	74
689	23041	21
553	23201	46
669	23281	38
417	23441	37
237	23521	63
643	23521	71
502	23681	48
712	23841	69
286	23921	27
298	24081	67
503	24081	59
767	24161	42
251	24241	50
744	24241	69
118	24321	28
363	24401	49
428	24401	64
674	24401	54
677	24561	70
489	24641	53
393	25041	21
431	25041	41
671	25041	50
710	25201	36
289	25281	25
691	25281	49
685	25361	76
776	25521	67
542	25601	21
521	25681	48
739	25681	63
143	25761	49
310	25761	71
645	25761	26
518	25841	48
577	25841	55
81	25921	72
638	25921	68
285	26001	45
409	26001	50
565	26001	71
184	26081	20
308	26081	65
435	26161	34
591	26161	60
384	26241	68
381	26321	41
498	26321	22
148	26401	59
402	26401	76
787	26401	67
542	26561	57
390	26641	75
652	26721	60
617	27121	41
748	27201	49
107	27281	33
172	27281	29
626	27361	51
120	27681	64
177	27761	40
598	27921	75
715	27921	45
297	28001	76
385	28081	66
411	28161	78
489	28161	30
78	28241	66
600	28241	24
295	28321	43
701	28321	60
456	28561	71
686	28561	28
37	28641	77
178	28641	31
245	28801	45
743	28801	29
134	28881	80
190	29041	60
216	29121	21
23	29281	42
135	29441	67
256	29441	54
418	29521	78
250	29761	56
750	29761	78
283	30081	46
615	30081	73
155	30161	27
71	30321	42
692	30321	50
679	30401	38
114	30481	55
720	30481	46
75	30561	33
177	30721	73
639	30721	33
538	30961	80
483	31201	66
37	31281	64
22	31521	61
279	31521	80
203	31601	72
442	31841	60
475	31921	66
589	31921	20
110	32001	39
401	32001	56
514	32001	49
692	32081	40
91	32161	31
442	32241	79
174	32321	55
382	32401	57
698	32401	52
155	32481	28
433	32481	65
453	32561	26
705	32561	53
704	32641	29
279	32881	31
388	32881	72
616	32881	73
459	33041	33
543	33121	26
707	33201	51
255	33281	61
756	33281	44
81	33361	21
264	33361	48
153	33521	71
337	33521	69
402	33521	58
390	33601	22
473	33681	48
763	33841	61
765	33921	50
25	34001	30
679	34081	72
212	34241	56
778	34241	65
74	34481	32
28	34561	79
166	34561	70
44	34721	24
402	34801	75
160	34881	63
402	34881	61
585	34881	64
27	34961	38
786	34961	79
214	35121	49
235	35201	76
280	35201	23
143	35281	34
419	35281	49
546	35361	33
12	35441	69
781	35441	56
419	35521	55
785	35521	60
400	35681	44
28	35761	68
138	35841	40
322	35841	68
