38	1	42
268	81	61
530	401	38
751	401	36
474	481	67
398	561	65
377	641	36
669	881	45
493	1041	36
702	1041	61
156	1121	42
613	1121	31
268	1201	20
373	1281	67
114	1441	80
53	1521	67
455	1601	53
527	1761	39
420	1841	74
722	1841	80
593	1921	53
703	1921	32
416	2161	24
545	2401	22
135	2481	67
30	2561	67
326	2641	75
362	2721	78
438	2801	36
425	2881	74
481	2881	28
214	2961	40
424	3041	47
541	3041	31
605	3121	34
766	3281	41
145	3361	74
502	3361	28
681	3361	49
650	3441	78
773	3441	59
526	3521	74
41	3601	77
375	3601	35
531	3761	47
554	3841	42
578	3841	28
424	4001	80
344	4081	73
281	4161	38
353	4161	65
525	4161	63
705	4161	76
73	4481	77
90	4561	30
261	4561	43
169	4721	70
43	4801	37
740	4801	68
175	5041	25
391	5281	22
407	5281	62
292	5361	40
515	5441	41
342	5681	29
628	5681	29
641	5761	75
641	6001	21
785	6081	59
48	6161	75
198	6161	30
379	6321	42
54	6401	61
254	6561	64
515	6561	68
194	6801	64
663	6801	55
275	6881	50
180	6961	77
773	6961	68
307	7041	22
603	7041	22
362	7201	37
211	7281	50
44	7441	33
793	7441	54
99	7521	20
175	7521	41
362	7521	48
633	7521	64
691	7521	36
236	7681	69
482	7681	34
775	7841	57
600	7921	30
106	8081	44
133	8161	74
361	8161	39
661	8161	50
72	8241	72
81	8241	58
384	8241	36
94	8321	32
368	8321	50
284	8401	40
352	8401	22
378	8481	63
355	8801	32
22	8881	75
284	8881	46
549	8881	57
288	8961	76
235	9041	34
754	9201	50
42	9281	26
164	9281	58
391	9281	60
414	9361	75
484	9441	36
232	9521	62
392	9521	58
626	9601	63
286	9681	68
443	9761	71
680	9841	30
774	9921	73
146	10001	28
400	10001	80
478	10001	51
196	10081	56
477	10161	64
573	10161	69
396	10241	45
518	10241	44
163	10401	53
220	10561	24
330	10561	27
425	10801	25
596	10801	20
760	10881	64
404	10961	74
740	11041	62
409	11121	38
655	11121	36
226	11281	24
419	11361	51
573	11521	63
496	11601	27
271	11681	61
79	11761	36
270	12081	35
352	12561	35
444	12641	72
442	12801	32
651	12801	71
737	12801	27
388	12881	39
771	12881	33
33	13041	23
684	13121	80
404	13201	56
525	13281	43
690	13281	76
201	13521	47
247	13521	69
540	13521	55
426	13681	50
162	13761	76
489	13761	34
231	13921	71
289	14001	38
784	14001	38
65	14081	34
273	14081	39
346	14081	30
425	14161	58
254	14241	40
50	14481	80
692	14481	59
37	14561	47
193	14641	35
430	14721	66
657	14721	76
771	14961	53
141	15041	79
187	15041	61
161	15201	57
637	15281	53
788	15281	48
390	15361	68
70	15521	45
685	15521	27
314	15601	66
241	15761	29
484	15761	29
266	15921	30
642	16001	79
4	16081	52
539	16081	74
695	16161	76
18	16241	67
218	16241	54
324	16241	42
609	16241	66
45	16321	35
427	16401	31
94	16481	60
176	16641	66
722	16641	20
266	16721	58
239	16801	62
273	16881	33
616	16961	76
708	16961	60
521	17121	35
253	17201	56
165	17361	39
522	17601	71
787	17681	65
714	17761	44
564	17841	69
799	17841	40
360	17921	33
362	18081	58
423	18081	44
561	18161	49
415	18401	32
115	18481	80
274	18481	66
681	18481	76
764	18481	71
230	18561	38
496	18561	41
699	18561	76
553	18641	56
339	18721	71
460	18881	52
460	19041	69
27	19281	66
63	19361	32
86	19361	32
131	19441	58
241	19441	54
754	19521	29
176	19681	43
551	19681	75
609	19841	34
141	19921	44
708	19921	71
1	20081	77
285	20161	58
557	20161	29
466	20241	34
349	20401	31
89	20561	38
441	20561	68
672	20561	31
70	20641	55
224	20641	20
193	20721	78
469	20721	24
710	20721	60
12	20961	41
458	20961	23
621	21121	58
179	21201	44
96	21281	80
70	21441	27
44	21521	64
231	21521	55
622	21521	55
536	21601	48
458	21681	21
121	21761	34
74	21841	76
152	21841	44
698	21921	27
209	22001	58
478	22001	71
582	22001	40
762	22001	37
146	22081	26
241	22081	57
360	22081	76
333	22241	41
169	22321	29
344	22321	28
753	22401	54
635	22721	58
574	22801	24
301	22881	29
446	22961	35
238	23041	62
382	23201	45
327	23361	68
481	23441	41
179	23521	30
303	23521	55
662	23601	76
384	23681	28
505	23761	40
343	23921	40
509	23921	63
211	24001	31
486	24001	47
90	24241	74
212	24241	34
104	24321	47
220	24321	66
476	24401	33
700	24561	54
108	24641	77
184	24721	32
36	24801	25
328	24961	36
756	24961	77
512	25041	46
482	25121	75
188	25201	59
723	25281	68
773	25441	32
218	25521	21
605	25521	49
46	25601	67
541	25601	68
690	25601	28
53	25761	74
107	26001	35
444	26081	25
502	26081	65
666	26161	41
188	26241	56
363	26241	61
31	26321	50
289	26401	26
658	26401	68
427	26481	34
179	26561	56
97	26801	68
282	26801	34
638	26881	66
19	26961	75
696	27041	21
147	27121	35
199	27121	26
361	27121	56
249	27201	50
334	27201	37
652	27201	36
259	27281	43
610	27281	75
455	27441	54
689	27441	53
190	27521	69
67	27601	69
78	27681	38
291	27681	53
511	27761	80
239	27841	38
797	27841	61
18	27921	49
109	28001	48
192	28001	33
104	28081	29
595	28081	56
429	28161	64
260	28241	21
299	28481	54
547	28481	36
673	28561	47
664	28641	66
780	28641	46
441	28801	48
423	29121	52
596	29361	80
294	29521	43
253	29681	73
4	29841	31
125	29841	65
626	29841	80
151	30001	70
751	30081	80
142	30161	55
573	30241	41
759	30241	62
403	30321	25
61	30401	47
248	30401	61
424	30401	54
97	30481	78
291	30561	62
537	30561	28
633	30561	59
702	30561	42
764	30721	71
261	31041	25
349	31041	21
521	31041	46
657	31281	71
546	31361	36
417	31521	29
19	31601	28
306	31681	51
76	31761	37
296	31841	22
598	31841	59
375	31921	68
736	31921	31
400	32001	67
633	32001	73
176	32081	63
502	32081	64
367	32161	37
346	32241	72
215	32321	78
57	32401	23
262	32561	32
460	32561	27
533	32561	64
791	32641	26
61	32721	45
418	32721	44
739	32721	36
400	32801	40
442	32801	73
222	32881	79
441	32881	62
363	32961	24
428	33121	35
648	33121	51
78	33361	56
243	33441	57
26	33681	78
412	33681	50
757	33681	30
546	33841	77
749	33841	47
35	34001	55
285	34001	64
462	34001	50
68	34161	57
431	34241	56
482	34321	70
578	34321	55
227	34481	48
25	34641	50
676	34641	80
748	34641	48
240	34721	70
454	34721	56
436	34881	51
732	34961	68
453	35281	31
183	35441	71
779	35441	40
490	35521	42
743	35521	30
13	35601	66
215	35601	43
408	35761	63
746	35761	59
765	35841	34
