796	1	20
586	81	52
747	81	64
337	241	50
425	321	20
641	321	47
18	401	30
373	401	23
719	401	66
400	481	27
571	801	69
72	881	59
563	881	37
673	881	69
149	961	36
712	1041	28
620	1201	33
96	1281	33
562	1281	80
775	1281	27
449	1361	60
164	1601	33
727	1601	38
116	1761	22
686	1761	74
157	1841	77
273	1921	60
748	1921	66
18	2081	25
218	2161	43
35	2241	42
697	2321	27
165	2401	47
717	2401	31
497	2481	68
74	2561	62
217	2561	54
265	2561	28
270	2721	61
401	2801	70
412	2801	70
391	2881	32
610	2881	40
144	3041	38
785	3121	30
194	3201	33
347	3201	53
74	3281	51
659	3281	20
252	3361	57
589	3361	45
748	3361	80
53	3521	40
561	3521	56
611	3521	57
761	3601	20
28	3681	49
155	3921	31
435	4081	29
584	4241	24
50	4321	38
768	4721	72
79	4801	27
206	4801	39
347	4801	48
84	4881	71
695	4961	54
402	5041	31
485	5121	38
146	5201	31
383	5201	77
223	5281	78
297	5281	61
677	5281	61
48	5681	76
330	5681	36
287	5761	59
750	6001	23
280	6081	68
790	6081	44
766	6161	60
216	6241	59
573	6241	37
245	6321	26
789	6321	26
168	6401	31
306	6401	50
203	6481	80
689	6481	37
74	6561	78
244	6561	57
588	6641	66
333	6961	34
53	7041	68
376	7121	76
532	7121	22
581	7201	31
423	7441	32
110	7761	21
544	7761	46
12	7841	44
622	7921	21
581	8081	57
281	8161	39
86	8241	60
458	8321	54
756	8321	20
574	8481	58
321	8561	50
589	8561	29
489	8641	22
763	8641	45
260	8881	42
656	8881	37
173	8961	79
698	8961	25
231	9041	53
452	9041	62
734	9041	59
631	9121	36
732	9201	65
474	9281	51
690	9281	55
144	9361	23
585	9601	26
182	9681	44
351	9681	31
679	9681	49
667	9761	65
693	9921	23
385	10081	63
669	10081	27
194	10161	24
320	10161	43
761	10161	44
98	10321	77
456	10321	61
575	10321	33
799	10321	22
426	10481	62
659	10561	59
131	10641	27
283	10641	38
12	10721	29
758	10721	64
204	10801	75
641	10881	22
96	11041	41
163	11121	20
483	11121	46
326	11201	32
680	11201	25
791	11201	45
97	11281	28
174	11281	68
5	11361	70
23	11441	72
186	11441	24
392	11441	38
475	11441	62
706	11441	64
108	11601	70
61	11761	43
446	11921	23
539	11921	52
371	12001	71
453	12001	78
51	12081	25
309	12161	26
487	12161	20
698	12161	28
792	12321	29
348	12401	25
97	12481	55
241	12481	22
411	12481	77
443	12561	36
677	12561	42
52	12641	59
293	12721	63
561	12721	27
718	12801	67
193	12961	73
396	13041	76
25	13201	54
718	13201	76
287	13361	38
497	13521	25
146	13601	46
107	13681	62
466	13681	24
415	13761	40
546	13841	62
540	14001	33
321	14081	25
465	14081	39
556	14081	52
65	14401	53
310	14561	26
464	14561	54
179	14641	55
240	14801	64
292	14881	38
495	14961	30
230	15041	61
650	15041	80
146	15121	25
450	15121	67
20	15201	45
149	15201	80
690	15201	71
752	15201	38
678	15281	48
78	15361	34
96	15361	80
794	15361	38
667	15441	70
752	15521	35
549	15761	33
583	15841	29
784	15921	48
291	16001	54
525	16001	63
777	16241	72
577	16321	27
678	16401	76
352	16481	68
53	16561	44
337	16641	64
76	16721	28
363	16721	30
434	16721	74
170	16801	77
660	16801	75
106	16961	28
242	16961	63
394	16961	68
510	16961	24
538	17041	25
148	17201	42
354	17361	49
472	17361	57
246	17441	51
424	17441	45
304	17521	25
679	17521	54
615	17681	43
64	17841	47
674	17841	77
182	18001	65
348	18001	72
703	18001	25
67	18081	68
379	18081	29
109	18161	30
366	18161	70
274	18401	71
359	18561	41
369	18641	20
514	18721	25
305	18801	25
537	18801	34
407	18881	46
261	18961	27
453	18961	76
140	19041	68
629	19041	51
703	19041	26
233	19281	28
278	19281	34
377	19281	66
535	19281	44
591	19281	51
784	19361	73
213	19441	60
242	19521	77
402	19521	41
672	19521	30
171	19601	24
481	19601	37
679	19601	39
735	19681	22
92	19761	76
362	19761	27
496	19761	31
784	19841	49
486	19921	75
665	19921	44
422	20001	35
19	20081	72
123	20161	61
166	20161	76
567	20161	77
239	20241	56
450	20241	25
534	20241	38
101	20321	39
184	20321	33
460	20321	61
692	20321	43
182	20401	41
590	20481	52
264	20561	49
539	20561	58
653	20561	37
218	20641	56
405	20881	79
744	20881	45
94	21041	71
393	21041	75
138	21201	57
652	21201	72
443	21281	65
267	21361	42
473	21361	56
516	21441	28
567	21601	58
71	21681	21
275	21761	25
122	22001	79
164	22001	27
364	22001	67
316	22081	24
652	22081	73
84	22161	66
389	22321	22
54	22401	64
80	22561	24
696	22641	70
500	22721	66
483	22961	62
531	23121	21
621	23121	37
616	23281	36
766	23281	43
14	23361	24
331	23441	33
378	23521	52
155	23681	53
333	23681	71
130	23761	77
257	23761	47
68	24001	75
303	24081	24
685	24321	36
491	24481	41
636	24481	24
310	24561	43
196	24721	40
590	24721	64
312	24801	61
631	24801	47
765	24801	21
86	24881	34
477	24961	52
656	25281	46
457	25441	75
537	25441	27
611	25441	54
260	25521	77
754	25681	25
265	25761	37
481	25761	41
288	25921	58
767	26001	51
524	26161	54
121	26241	53
346	26241	29
468	26241	63
496	26481	34
220	26641	35
405	26721	46
306	26881	53
49	26961	41
354	26961	39
757	26961	53
493	27201	37
45	27441	80
689	27441	46
2	27521	69
84	27521	39
256	27601	30
547	27761	51
664	27841	80
742	27921	57
419	28001	50
629	28081	39
357	28321	59
660	28321	65
792	28321	43
540	28481	25
537	28561	22
400	28641	70
764	28721	46
219	28881	37
350	28961	26
382	29281	35
552	29281	73
576	29281	33
666	29281	48
87	29361	45
408	29361	68
426	29441	74
176	29521	23
529	29521	32
723	29601	53
767	29681	53
287	29921	32
724	30001	58
416	30081	20
240	30241	65
414	30241	45
491	30241	32
790	30481	32
494	30561	62
241	30721	42
678	30721	54
791	30721	40
495	30881	41
472	30961	64
321	31041	56
437	31121	79
770	31281	55
517	31601	67
777	31681	26
403	31761	42
356	31921	36
514	31921	63
25	32081	27
583	32161	75
318	32241	48
785	32321	69
331	32481	73
3	32561	75
478	32561	34
181	32641	76
4	32721	64
65	32881	69
381	32881	32
263	33041	52
507	33121	40
346	33201	65
646	33201	78
779	33201	64
77	33281	33
132	33281	67
310	33361	64
341	33361	34
578	33441	76
179	33521	67
708	33521	46
489	33601	29
612	33601	22
793	33681	67
725	33761	66
265	33841	20
683	33841	48
328	34161	36
784	34161	44
519	34321	43
714	34321	66
548	34401	21
561	34401	52
709	34641	41
304	34881	80
737	34961	38
165	35041	79
337	35201	22
348	35281	71
43	35361	26
264	35361	47
459	35361	73
646	35361	56
134	35521	46
540	35521	23
655	35601	77
145	35681	21
259	35681	57
409	35681	24
751	35761	49
714	35841	40
