95	1	70
680	1	28
745	1	51
51	81	71
485	161	50
634	161	62
238	241	68
465	321	74
166	401	33
511	481	57
529	561	61
208	641	23
742	641	47
73	721	35
158	801	39
178	881	68
259	961	30
445	1121	61
626	1121	68
260	1281	43
675	1281	23
545	1361	41
787	1361	52
40	1521	38
145	1521	36
591	1521	80
3	1601	20
423	1601	75
270	1681	22
314	1841	78
640	2081	59
702	2081	55
340	2161	76
251	2241	52
246	2321	62
577	2481	59
339	2561	62
573	2881	76
104	3041	47
304	3041	29
11	3201	50
471	3441	72
719	3441	49
184	3521	32
391	3521	56
710	3601	59
768	3601	48
55	3681	66
609	3681	75
179	3921	60
470	4001	60
149	4081	65
313	4081	21
632	4161	80
378	4321	58
798	4321	70
541	4401	23
733	4401	42
751	4481	22
530	4641	30
470	4721	24
750	4801	40
692	4881	52
610	5041	66
718	5041	80
317	5201	43
258	5361	59
416	5441	54
627	5441	67
446	5521	70
778	5921	56
324	6081	52
52	6161	20
47	6321	69
110	6321	73
757	6321	53
695	6401	70
360	6561	31
560	6561	49
716	6561	24
313	6641	44
326	6801	65
741	6801	22
478	6881	44
234	7041	57
2	7281	59
763	7281	26
84	7441	66
155	7521	71
289	7521	34
602	7521	64
769	7521	26
2	7601	30
177	7601	65
24	7681	69
758	7681	22
745	7841	54
496	8081	32
720	8161	79
122	8241	23
277	8321	78
359	8321	42
482	8321	37
450	8401	60
739	8401	20
216	8481	41
547	8481	42
677	8481	76
779	8561	32
557	8641	51
448	8721	45
413	9041	77
430	9121	57
617	9121	47
680	9121	24
732	9121	31
585	9361	22
248	9441	73
548	9441	28
464	9521	35
670	9521	30
588	9601	25
385	9761	70
264	9841	36
753	9841	56
296	9921	74
71	10001	26
699	10001	68
161	10081	43
325	10161	27
484	10401	72
492	10561	38
488	10641	45
47	10721	24
73	10801	61
159	10801	47
428	10881	27
272	10961	69
507	11041	38
82	11201	32
492	11201	24
157	11281	77
582	11281	63
649	11361	35
172	11521	54
301	11601	22
350	11601	64
630	11601	44
85	11761	71
251	11921	24
731	11921	77
440	12001	55
341	12161	78
15	12241	37
759	12321	70
222	12401	53
328	12401	55
232	12481	36
453	12641	36
769	12721	37
205	12881	69
544	13201	41
277	13361	63
450	13361	53
500	13361	48
648	13361	57
426	13441	77
308	13521	62
327	13601	26
456	13601	68
524	13681	22
35	13761	29
164	13761	25
556	13841	41
103	13921	69
380	13921	75
466	13921	52
723	13921	73
321	14081	48
775	14081	32
545	14241	26
754	14241	78
270	14321	36
388	14321	76
143	14401	30
514	14401	38
313	14641	40
145	14721	27
372	14721	59
283	14801	70
652	14801	32
348	14961	70
506	14961	47
38	15041	64
357	15041	37
678	15041	38
159	15121	80
687	15361	47
19	15441	60
306	15441	20
343	15441	62
220	15601	71
686	15681	76
143	15761	34
585	15841	25
153	15921	47
84	16081	74
532	16081	38
731	16161	51
584	16321	76
370	16401	77
224	16561	22
762	16561	28
86	16641	43
219	16641	41
646	16641	45
157	16801	75
78	16961	62
311	17041	38
730	17041	23
93	17121	26
696	17121	46
521	17201	45
7	17281	43
509	17281	46
553	17441	53
60	17521	52
782	17521	73
55	17681	55
562	17681	80
251	17761	44
193	17841	44
405	17921	22
386	18161	56
493	18161	58
109	18321	28
570	18401	61
321	18481	46
541	18481	45
758	18641	30
252	18721	72
790	18721	79
145	18801	78
767	18801	68
347	18881	38
597	18881	55
172	18961	48
176	19041	79
595	19121	53
510	19201	45
35	19681	31
249	19761	70
713	19841	65
587	19921	53
321	20081	47
546	20081	68
237	20161	30
257	20161	59
755	20241	70
187	20401	51
508	20401	72
362	20641	70
794	20641	61
706	20721	37
406	21041	64
81	21281	22
258	21361	53
5	21441	36
585	21681	26
481	21761	43
653	21921	40
716	22001	70
789	22001	62
711	22081	20
452	22161	34
622	22161	76
411	22401	34
549	22401	45
601	22401	30
736	22401	24
10	22801	40
288	22801	41
685	23521	73
49	23601	61
137	23601	59
553	23601	52
786	23601	65
608	23761	24
631	23921	25
669	24001	70
789	24001	21
272	24081	22
604	24081	61
396	24161	73
710	24321	38
146	24401	48
250	24481	51
575	24561	28
96	24641	49
220	24641	69
71	24721	37
400	24721	62
317	24881	68
524	24881	45
651	24881	63
757	24881	67
364	25121	62
91	25201	50
368	25201	50
415	25201	23
111	25281	64
758	25281	30
325	25521	47
51	25681	20
420	25681	57
553	25681	70
587	25761	64
555	25841	33
92	26001	33
350	26001	66
17	26081	54
733	26081	45
472	26241	25
92	26321	49
723	26321	60
109	26481	80
267	26481	30
236	26561	41
289	26561	41
502	26561	64
161	26641	54
479	26641	66
73	26721	61
587	26801	34
685	26801	62
766	26801	79
235	26881	27
405	26881	68
359	26961	39
414	26961	22
519	26961	79
657	26961	36
210	27361	32
163	27441	66
279	27601	33
410	27681	43
281	27761	43
343	27761	69
421	27841	44
121	27921	55
409	27921	46
401	28081	71
800	28161	37
440	28241	67
658	28481	32
799	28481	20
357	28561	36
522	28561	36
786	28641	46
653	28801	31
377	28881	64
111	28961	39
248	28961	53
43	29201	74
364	29201	74
227	29361	64
83	29441	48
33	29681	37
653	29681	43
390	29841	48
234	29921	58
618	30001	47
434	30081	65
733	30081	33
296	30161	38
310	30401	38
698	30401	65
535	30481	43
466	30721	51
652	30721	45
354	30801	41
164	30881	67
411	30881	70
203	30961	72
219	31121	71
112	31201	42
318	31201	45
586	31441	38
689	31521	58
713	31601	45
5	31761	45
474	31761	22
185	31841	31
212	32241	30
242	32561	21
94	32641	73
81	32721	79
557	33041	65
716	33201	75
302	33281	31
551	33281	79
733	33281	76
564	33521	70
144	33601	27
786	33601	56
586	33681	58
663	33681	31
509	33921	60
384	34001	63
118	34081	76
676	34241	76
58	34401	46
484	34401	57
790	34401	58
735	34481	46
150	34561	50
565	34561	23
121	34721	60
339	34721	60
69	34801	75
351	34961	80
766	34961	44
732	35281	32
488	35361	54
318	35521	72
703	35601	65
311	35761	70
131	35841	26
72	35921	34
