222	1	70
279	1	50
547	1	52
250	81	22
637	81	70
376	241	75
514	241	70
358	321	41
425	321	80
375	481	25
441	481	27
526	481	61
636	481	39
274	561	34
754	561	64
344	721	44
634	721	53
36	801	36
316	801	60
86	881	38
161	1201	65
593	1201	55
641	1281	73
51	1361	27
554	1441	43
59	1521	49
591	1521	28
160	1841	30
773	1841	74
795	1921	63
171	2081	27
263	2081	27
442	2081	69
508	2241	27
237	2481	66
502	2481	57
671	2641	31
64	2801	24
265	2801	61
585	2801	21
279	2881	35
616	3041	68
702	3041	44
418	3121	34
260	3201	62
781	3281	50
539	3361	20
509	3441	67
364	3601	42
372	3761	39
574	3761	30
705	3921	20
86	4081	75
325	4081	45
74	4161	74
514	4161	27
342	4241	75
634	4241	38
468	4321	40
242	4401	69
764	4401	74
481	4481	42
573	4641	45
371	4721	48
722	4721	58
386	4881	75
378	4961	36
628	5041	56
157	5121	46
365	5121	71
455	5121	51
282	5281	59
614	5441	76
11	5521	55
651	5681	73
295	5761	34
559	5921	35
475	6001	37
550	6081	26
519	6241	23
212	6321	45
218	6401	70
46	6481	60
793	6641	41
553	6721	78
109	6801	45
800	6801	78
85	6881	49
294	7041	55
796	7121	52
536	7201	58
661	7201	36
787	7201	42
58	7361	68
315	7361	43
519	7441	70
694	7521	29
13	7601	46
414	7601	57
773	7601	44
308	7681	35
785	8001	46
610	8241	48
411	8401	34
216	8721	32
272	8721	52
438	8801	42
449	8881	79
564	8961	49
334	9041	80
438	9041	63
563	9121	64
745	9201	45
431	9361	35
559	9441	68
500	9521	54
37	9601	79
743	9681	32
24	9761	48
560	9841	58
629	9841	76
763	9921	61
277	10001	70
529	10001	45
702	10081	37
284	10161	41
530	10321	30
698	10321	77
640	10401	29
792	10401	79
417	10481	62
624	10481	32
496	10561	43
761	10561	40
443	10801	41
641	10801	32
22	10961	21
146	11201	40
692	11201	41
534	11281	28
625	11441	35
492	11521	26
193	11681	59
629	11681	40
200	11761	49
477	11841	20
146	11921	41
202	12081	49
696	12081	48
764	12161	36
203	12241	41
550	12321	77
401	12401	26
46	12641	55
527	13041	44
775	13121	51
206	13201	23
192	13281	59
304	13361	66
452	13361	36
549	13361	67
23	13521	73
443	13521	51
137	13681	73
124	13761	51
746	13841	65
674	14001	42
119	14161	74
281	14241	37
175	14641	71
337	14641	49
230	14721	47
85	14961	32
774	14961	47
205	15201	23
283	15201	62
496	15201	74
45	15281	30
387	15281	24
164	15601	66
791	15601	21
320	15681	63
627	15681	46
243	15761	41
457	15761	22
296	15841	79
647	15921	75
129	16001	49
723	16081	21
174	16161	21
121	16241	56
779	16241	56
389	16321	65
350	16481	20
153	16561	37
592	16561	30
120	16641	23
155	16721	20
207	16801	70
447	16801	42
139	16881	36
353	16881	75
750	16881	49
775	17121	56
619	17281	37
410	17361	66
694	17521	21
738	17601	70
378	17841	69
370	18001	76
76	18321	61
290	18321	41
258	18641	27
450	18721	67
622	18721	47
256	18801	45
446	18801	65
148	18881	79
627	18961	78
187	19041	62
624	19041	40
454	19201	68
631	19201	60
671	19201	63
274	19281	54
288	19361	38
733	19441	73
700	19521	24
508	19601	32
392	19921	40
505	19921	52
147	20081	22
412	20081	27
366	20161	36
539	20241	28
514	20401	70
29	20561	58
550	20641	23
667	20641	42
112	20801	64
460	21041	60
323	21121	59
649	21121	66
698	21201	49
577	21281	64
706	21281	63
448	21441	73
541	21441	43
177	21601	58
456	21601	65
291	21761	32
452	21921	63
54	22001	25
572	22001	68
19	22081	23
86	22081	33
566	22081	60
776	22081	61
410	22161	71
551	22241	31
385	22481	53
594	22481	59
799	22481	52
535	22641	32
362	22801	56
626	22801	63
597	22881	56
177	23041	50
721	23041	49
5	23121	39
324	23121	65
166	23281	56
778	23281	31
553	23361	70
660	23441	74
238	23521	71
346	23521	35
598	23601	68
319	23681	29
694	23761	46
69	23841	27
132	23841	66
458	23841	58
287	23921	65
137	24241	69
719	24321	61
132	24481	40
471	24481	37
782	24481	28
279	24561	73
324	24641	74
349	24721	30
300	24801	20
251	24881	65
371	24881	36
740	25121	61
140	25201	71
754	25441	41
28	25521	79
264	25521	73
666	25601	23
191	25681	78
90	25761	45
634	26081	38
107	26241	54
610	26241	57
308	26321	21
633	26321	35
765	26321	58
395	26401	26
141	26561	50
439	26561	78
319	26641	60
497	26641	57
136	26721	24
220	26721	61
626	27121	78
227	27201	49
311	27201	70
25	27281	80
161	27281	31
424	27281	74
638	27361	71
103	27441	68
84	27601	71
466	27601	70
663	27841	22
390	28001	35
296	28321	32
619	28401	74
268	28481	27
473	28481	57
605	28481	35
748	28481	42
781	28561	20
247	28641	49
255	28721	36
567	28721	76
101	28801	48
19	29281	60
384	29281	74
150	29361	56
574	29441	34
787	29441	57
70	29521	43
109	29521	52
210	29681	62
528	29681	45
220	29841	79
721	29841	73
792	29921	37
660	30161	55
681	30241	26
250	30321	31
81	30401	57
407	30401	76
740	30401	79
228	30481	46
305	30481	30
641	30481	78
381	30561	42
374	30641	69
704	30641	24
168	30721	23
397	30721	40
600	30721	62
688	30961	42
768	30961	32
187	31041	56
187	31121	23
675	31121	51
35	31201	45
718	31201	66
39	31281	53
342	31441	50
637	31441	20
59	31601	61
231	31601	24
376	31681	30
447	31761	64
342	31921	29
505	32001	34
206	32161	43
781	32161	35
17	32321	39
129	32321	80
157	32401	67
757	32481	77
321	32561	64
652	32801	29
267	32881	37
642	33201	43
557	33281	32
737	33281	34
328	33441	54
438	33441	44
633	33521	73
677	33521	78
526	33681	70
680	33681	25
189	33841	25
348	33841	60
521	33841	51
708	34001	32
619	34161	36
723	34321	23
76	34401	74
409	34561	59
545	34561	28
687	34561	74
104	34641	40
51	34801	45
253	35121	64
432	35121	71
89	35201	58
364	35201	72
394	35281	47
629	35281	46
315	35361	23
717	35601	37
327	35761	68
722	35761	49
199	35841	79
369	35921	30
521	35921	36
666	35921	58
