565	1	78
638	81	39
529	161	48
673	241	22
622	321	57
678	401	22
561	561	61
300	801	40
640	801	47
738	801	50
3	961	23
628	961	61
456	1281	72
15	1361	30
388	1361	23
88	1521	67
638	1521	59
248	1681	33
108	1841	66
571	1921	30
387	2161	39
480	2161	62
81	2241	55
395	2321	50
626	2321	76
286	2561	78
369	2641	30
623	2801	24
24	2881	22
173	2881	46
153	2961	68
219	2961	61
426	3041	53
319	3121	69
719	3121	25
270	3281	32
729	3361	66
694	3521	68
554	3601	41
570	3761	40
241	3841	66
598	3921	73
687	3921	33
75	4081	66
239	4161	53
554	4161	79
728	4241	48
149	4401	47
584	4561	30
42	4641	31
337	4641	64
279	4721	56
542	4721	46
121	4881	33
252	5121	52
620	5201	72
556	5361	62
739	5441	53
259	5681	49
696	5681	24
681	5761	52
91	5841	30
623	5841	65
750	5841	33
258	5921	34
355	5921	63
575	6081	38
607	6161	34
130	6241	54
339	6481	20
164	6561	56
323	6641	63
77	6961	65
664	7041	46
207	7281	53
223	7441	54
686	7441	36
393	7681	31
394	7761	43
515	7761	25
643	7761	23
562	7921	20
293	8001	39
342	8001	37
98	8241	47
597	8321	42
694	8401	51
774	8401	32
27	8481	48
545	8481	23
302	8561	51
457	8641	70
242	8801	23
419	8881	66
634	8881	44
180	8961	69
321	9041	53
426	9041	33
704	9041	20
314	9121	32
732	9121	46
424	9201	79
53	9441	53
32	9761	28
285	9761	32
447	9761	55
749	9761	48
412	9841	63
438	10001	57
559	10241	40
788	10241	71
126	10321	52
213	10401	25
553	10401	27
390	10481	49
210	10561	42
717	10561	76
780	10561	65
726	10641	54
173	10801	59
523	10801	55
556	10881	57
665	10881	44
445	11041	62
261	11281	31
453	11441	48
420	11521	57
531	11521	35
541	11681	35
464	11761	71
486	11841	56
69	12241	53
565	12321	37
146	12401	45
212	12401	60
179	12721	54
579	12721	65
253	12801	20
66	12881	33
250	12881	63
705	12881	51
501	12961	74
353	13041	41
761	13041	51
172	13121	29
479	13201	32
160	13281	20
235	13441	31
115	13521	69
362	13521	75
533	13521	26
346	13681	41
607	13841	23
688	13841	33
22	14001	75
468	14001	48
115	14081	35
438	14081	71
361	14401	41
405	14401	38
693	14401	30
109	14481	76
297	14641	61
690	14641	52
766	14641	49
490	14961	59
778	15041	23
553	15281	56
310	15441	42
363	15441	60
527	15441	47
756	15521	53
776	15601	29
380	15681	61
476	15681	57
477	15841	58
639	15921	30
88	16001	25
500	16001	51
616	16001	74
102	16081	44
247	16241	30
482	16241	61
492	16321	70
796	16321	50
298	16641	77
242	16801	40
581	16801	62
256	16881	26
243	16961	37
321	17041	38
776	17041	73
18	17121	77
721	17121	75
171	17201	56
599	17201	70
691	17201	69
412	17361	53
81	17521	37
490	17521	55
604	17521	35
402	17601	35
43	17761	45
109	17761	76
358	17761	54
152	17921	58
68	18161	59
424	18161	65
214	18481	26
128	18561	50
787	18721	54
310	18801	38
563	18801	72
376	19281	65
117	19361	70
374	19521	64
172	19681	47
497	19761	65
19	19841	28
181	19841	58
385	19841	80
131	19921	72
678	20401	41
466	20481	48
307	20721	80
70	21041	28
160	21041	31
770	21121	37
126	21281	35
94	21441	34
790	21441	30
561	21521	61
103	21681	26
184	21761	35
210	21841	73
417	21841	40
44	22001	72
321	22081	62
513	22081	59
635	22081	68
690	22081	72
644	22241	42
376	22321	26
552	22401	80
280	22561	49
527	22641	77
122	22721	70
284	22721	73
416	22721	49
717	22961	23
77	23041	52
188	23041	47
34	23121	22
234	23121	64
322	23201	76
494	23201	48
583	23281	41
698	23281	59
174	23361	33
638	23361	42
227	23441	67
653	23521	22
330	23761	20
499	23761	79
726	23761	45
195	23841	74
413	23841	73
143	23921	43
30	24001	36
171	24081	37
635	24081	27
170	24161	65
690	24241	75
688	24321	61
780	24401	34
329	24561	70
759	24641	55
724	24801	20
532	24961	31
672	24961	69
170	25041	36
652	25041	68
417	25121	58
753	25121	55
275	25441	71
351	25681	72
627	25761	79
558	25841	27
211	26001	76
377	26001	74
247	26161	29
712	26161	31
296	26321	33
229	26401	43
368	26401	33
785	26401	67
102	26481	44
439	26641	56
257	26721	69
657	26801	51
768	26801	78
351	26881	78
401	26881	70
71	27041	56
298	27041	31
337	27041	43
787	27041	51
666	27121	21
14	27281	73
657	27281	68
297	27521	43
635	27521	33
251	27601	29
711	27601	26
314	27921	65
448	27921	35
505	27921	33
237	28161	49
154	28401	33
499	28481	51
405	28561	69
629	28641	39
118	28721	21
220	28721	57
434	28721	79
230	28801	44
101	28881	60
586	28881	75
632	28961	31
417	29041	72
695	29121	69
781	29121	37
422	29281	31
726	29521	31
246	29761	51
198	29841	60
501	30001	66
45	30081	36
573	30081	64
177	30161	37
403	30161	22
8	30241	55
11	30321	77
63	30401	53
466	30401	43
35	30561	21
192	30561	29
382	30561	33
662	30561	75
590	30641	43
413	30721	31
1	30801	41
160	30881	55
131	30961	60
318	30961	40
127	31121	40
308	31121	54
557	31201	34
107	31281	45
237	31281	47
437	31281	69
578	31281	76
421	31441	26
363	31601	34
520	31601	61
5	31841	77
148	31921	62
321	31921	49
166	32001	75
768	32081	45
43	32161	72
679	32241	66
570	32481	25
345	32561	45
327	32721	20
197	32801	67
535	32801	33
596	32801	52
64	32881	65
493	32881	75
773	32881	38
56	32961	25
641	32961	35
338	33041	21
475	33041	28
579	33121	58
417	33201	41
669	33201	44
151	33281	75
290	33281	24
514	33281	46
798	33281	65
288	33441	77
402	33441	52
6	33681	34
185	33681	32
361	33681	49
383	33761	21
695	33761	50
332	33921	66
338	34001	41
89	34081	58
211	34241	69
502	34241	74
611	34321	34
151	34561	64
190	34561	52
645	34721	51
151	34801	67
308	34801	49
538	34881	24
749	34881	41
676	34961	57
711	35041	50
496	35281	79
189	35361	28
172	35681	42
1	35761	59
601	35761	58
626	35841	25
660	35841	56
610	35921	26
