302	81	50
24	161	21
153	161	29
696	161	62
175	241	62
8	401	27
708	481	45
493	561	24
647	561	54
645	801	43
47	961	62
741	961	22
455	1041	55
681	1041	72
491	1121	41
152	1201	80
254	1281	71
58	1361	77
89	1361	53
457	1601	75
9	1681	36
1	1841	26
371	1921	80
278	2081	33
687	2081	74
799	2081	56
59	2161	44
136	2401	29
571	2401	39
288	2481	44
601	2481	40
392	2561	80
250	2641	80
535	2641	49
398	2721	56
59	2801	79
352	2961	45
652	2961	66
4	3041	72
769	3041	60
275	3121	33
687	3201	45
146	3281	75
795	3361	74
24	3441	61
188	3601	76
267	3601	69
410	3601	76
529	3681	48
42	3841	31
176	3921	28
63	4081	21
87	4161	34
285	4241	67
362	4241	78
33	4481	39
78	4721	64
527	4721	26
176	4801	28
798	4801	77
341	4881	24
675	5121	69
43	5201	26
228	5201	55
697	5441	24
791	5521	41
134	5601	79
605	5601	24
321	5681	79
605	5681	59
769	5921	24
147	6081	58
265	6161	47
334	6161	55
503	6401	66
742	6401	23
401	6481	80
600	6481	54
268	6641	73
493	6641	24
649	6721	72
493	6801	53
637	6961	50
452	7201	60
481	7281	63
150	7601	54
623	7601	70
578	7681	75
770	7681	36
467	7761	77
749	7761	79
533	7841	59
324	7921	46
513	7921	26
581	8001	68
607	8241	72
14	8321	24
23	8401	60
316	8401	49
641	8401	38
462	8481	26
551	8481	57
773	8481	51
434	8721	57
773	8721	71
465	8801	32
325	8881	34
32	9201	67
301	9361	26
359	9361	21
215	9441	67
340	9521	57
706	9521	78
432	9761	64
10	9841	67
7	9921	22
703	9921	55
689	10001	78
313	10081	59
203	10241	24
717	10241	42
430	10401	73
403	10481	66
752	10481	74
374	10561	41
525	10641	27
761	10641	71
353	10721	28
402	10801	41
189	10881	37
793	10961	65
24	11041	39
303	11041	68
404	11041	79
136	11121	20
167	11121	72
467	11121	34
155	11281	20
476	11361	28
299	11441	31
543	11521	47
671	11601	32
189	11761	55
261	11841	21
50	11921	32
607	11921	60
504	12001	33
762	12001	78
223	12081	46
366	12081	59
427	12401	26
569	12401	37
113	12481	77
40	12561	66
568	12641	20
715	12641	70
71	12801	66
241	12961	64
545	13041	64
581	13281	36
203	13361	46
302	13361	61
51	13441	46
614	13441	66
508	13521	54
313	13761	78
553	13761	38
650	13761	61
224	13921	67
344	14001	27
397	14081	45
553	14241	54
106	14321	25
337	14321	39
90	14401	22
455	14401	23
71	14561	78
297	14641	47
411	14641	23
747	14641	76
35	14721	40
663	14721	78
118	14801	68
404	15121	67
648	15121	31
580	15201	30
369	15441	32
439	15521	72
799	15521	34
346	15601	34
754	15681	78
98	15841	53
560	15841	56
684	15841	23
92	16001	23
110	16081	56
437	16241	66
644	16241	37
777	16401	47
189	16481	53
344	16481	31
501	16561	63
230	16881	70
371	16881	54
446	16961	80
161	17041	30
410	17041	43
334	17121	46
114	17201	43
526	17201	50
365	17281	21
627	17281	44
456	17361	74
19	17441	52
269	17441	79
464	17441	38
77	17601	27
139	17681	28
69	17841	67
380	17841	25
526	17921	63
506	18001	20
272	18081	76
394	18081	73
166	18401	74
241	18401	33
390	18401	33
739	18641	74
420	18721	25
459	18801	73
99	18961	79
45	19041	46
218	19041	65
46	19121	63
440	19121	45
665	19121	34
308	19281	73
674	19281	61
143	19361	39
684	19441	60
96	19521	35
257	19841	66
418	19841	79
634	19841	42
1	19921	31
308	20001	23
453	20001	56
620	20001	31
801	20001	46
563	20081	68
636	20161	34
539	20241	71
385	20321	29
703	20321	50
322	20561	80
739	20561	32
364	20641	69
168	20961	68
350	20961	77
149	21121	35
367	21121	32
645	21121	26
167	21201	37
177	21281	55
540	21281	48
100	21521	61
279	21601	62
564	21681	35
263	21761	61
747	21761	50
270	22081	26
470	22081	77
276	22161	80
344	22241	22
370	22481	65
520	22481	22
252	22561	74
278	22641	47
785	22641	45
43	22801	50
230	22801	44
245	22801	47
283	22881	57
492	22881	28
722	22881	64
372	22961	41
78	23361	63
525	23361	73
664	23361	66
241	23441	53
377	23441	58
45	23601	63
398	23681	70
401	23681	40
423	23761	67
716	23761	24
340	23841	47
572	23921	61
730	23921	41
148	24001	52
204	24081	66
642	24081	30
218	24161	30
261	24161	43
616	24161	30
252	24241	52
748	24321	71
467	24401	75
368	24481	68
305	24721	41
209	24881	79
496	24881	74
655	24881	47
757	24961	39
35	25121	50
223	25201	21
356	25201	44
290	25361	20
362	25361	21
80	25441	74
426	25521	69
793	25521	41
330	25681	73
286	25761	34
435	25761	69
756	26081	36
462	26161	37
47	26321	76
228	26401	37
334	26401	41
647	26401	24
486	26481	73
357	26801	30
591	27121	42
743	27281	66
171	27361	71
636	27441	21
620	27601	49
207	27681	79
777	27681	52
59	27761	27
74	27841	78
631	27841	34
313	27921	41
188	28241	74
366	28241	68
357	28321	48
791	28561	58
81	28641	76
609	28641	58
767	28641	27
498	28721	38
140	29041	53
93	29121	42
382	29121	23
461	29281	36
80	29361	59
163	29361	55
356	29361	25
613	29361	31
677	29521	46
775	29521	79
756	29681	56
301	29841	78
391	29841	60
664	29841	65
569	29921	62
91	30001	38
724	30081	28
492	30161	64
663	30241	64
42	30321	74
456	30401	34
736	30561	40
348	30721	36
719	30801	23
295	31121	66
434	31121	28
251	31201	20
130	31281	61
392	31281	27
602	31281	57
373	31441	56
654	31441	66
768	31521	27
510	31601	38
587	31601	45
527	31681	75
641	31681	20
767	31681	61
289	31761	68
565	31761	76
175	31921	26
334	32001	31
614	32081	33
148	32161	51
468	32161	35
303	32321	55
706	32321	77
32	32401	49
609	32401	41
680	32561	25
244	32641	51
341	32961	51
660	33041	29
309	33121	44
462	33121	21
636	33121	55
454	33201	25
169	33281	55
107	33601	64
779	33601	78
109	33761	30
315	33841	64
96	33921	79
308	33921	25
717	33921	51
777	33921	38
620	34001	41
382	34401	67
213	34481	50
727	34481	40
549	34561	38
610	34561	61
744	34561	28
151	34641	30
112	34721	30
562	34881	31
724	34961	37
314	35281	31
610	35441	48
16	35521	46
150	35521	49
607	35521	45
33	35681	41
208	35681	38
617	35681	75
398	35841	52
7	35921	59
274	35921	56
