368	81	40
210	161	37
214	241	43
371	241	53
205	401	70
242	401	46
766	401	27
377	481	28
610	481	63
466	561	37
385	641	27
144	881	51
669	881	47
241	961	52
343	961	72
531	961	29
330	1041	32
678	1201	45
47	1361	74
798	1361	79
74	1441	69
575	1441	21
299	1681	64
778	1761	75
398	1841	28
508	1921	49
170	2401	38
69	2561	63
762	2561	26
307	2721	49
400	2801	34
409	2801	73
351	2881	56
260	2961	50
35	3041	20
207	3041	60
682	3041	36
324	3121	33
67	3521	77
345	4001	20
430	4081	57
37	4161	79
470	4241	32
21	4321	36
88	4321	57
110	4401	54
14	4481	42
250	4721	46
750	4721	79
68	4881	69
311	4881	38
636	4881	30
620	4961	43
149	5041	72
774	5121	77
15	5201	44
278	5201	67
436	5281	61
226	5441	70
437	5441	63
732	5441	41
17	5601	63
535	5601	41
691	5761	68
172	5841	67
392	5841	30
318	5921	54
522	5921	59
574	5921	31
650	5921	66
411	6001	76
668	6161	21
230	6241	27
4	6321	75
456	6401	63
713	6401	55
167	6561	44
456	6561	61
227	6721	47
265	6721	32
34	6881	54
155	6961	79
311	6961	58
412	6961	75
133	7121	70
196	7121	56
709	7121	50
254	7201	58
557	7201	72
420	7441	31
538	7441	59
690	7441	52
47	7521	64
256	7521	48
320	7601	21
333	7601	59
588	7681	41
536	7761	55
85	7921	40
283	8001	25
388	8081	39
542	8081	49
478	8321	76
538	8321	49
317	8561	47
86	8801	29
163	8801	47
729	8961	48
707	9121	32
314	9281	33
380	9281	39
280	9361	73
399	9361	71
742	9361	62
203	9441	59
702	9441	44
263	9681	24
95	9841	47
146	9921	32
606	9921	60
173	10241	49
519	10241	24
411	10641	40
205	10801	25
294	10881	48
169	11041	75
478	11041	53
771	11281	45
769	11441	32
30	11681	69
115	11681	45
669	11761	25
725	11761	41
156	11841	46
343	11841	57
622	12001	48
412	12081	78
724	12081	47
107	12321	48
446	12321	51
506	12321	39
710	12561	80
654	12641	40
491	12721	72
224	12801	68
742	12961	78
772	13041	74
187	13121	77
419	13121	30
453	13281	21
172	13361	30
17	13441	65
209	13441	50
704	13441	64
249	13601	70
534	13601	72
654	13601	65
664	13681	60
227	13761	28
515	13921	80
70	14001	51
130	14081	75
543	14321	69
506	14401	67
67	14481	43
732	14481	31
94	14641	34
405	14721	58
454	14801	42
500	14801	46
82	14881	77
606	14881	40
50	14961	60
518	14961	45
618	14961	70
566	15521	28
38	15681	39
125	15681	63
100	15761	67
466	15841	42
211	16001	61
347	16001	35
556	16001	45
684	16001	44
650	16081	48
292	16161	77
752	16241	74
117	16321	47
376	16321	48
501	16401	26
597	16401	67
261	16481	23
678	16481	43
482	16561	45
646	16561	78
24	16641	68
439	16641	51
595	16721	77
708	16801	48
113	16881	59
235	16881	44
60	16961	28
139	16961	21
235	17041	72
252	17041	26
564	17041	75
720	17121	39
724	17201	27
517	17281	78
400	17361	21
311	17441	43
429	17761	52
651	17761	67
97	17841	42
216	17841	44
271	18001	71
628	18001	79
332	18161	58
655	18161	41
721	18481	24
752	18481	40
32	18561	23
457	18561	44
365	18641	51
707	18721	70
222	18881	79
492	18881	56
753	18881	45
669	18961	29
375	19041	30
783	19361	32
305	19441	51
150	19521	34
528	19521	28
622	19601	53
683	19761	78
240	19841	30
208	20001	69
522	20081	39
554	20161	33
390	20241	29
646	20241	47
108	20321	39
241	20321	69
428	20321	22
517	20321	58
364	20401	74
693	20561	80
541	20641	55
106	20721	41
238	20721	59
678	20881	60
670	21201	51
31	21281	30
621	21281	58
435	21361	37
527	21361	39
560	21441	27
601	21441	40
189	21601	50
371	21601	30
784	21681	44
744	21841	72
657	21921	54
216	22081	43
279	22161	30
156	22241	56
617	22241	41
664	22241	41
77	22401	51
73	22481	67
744	22481	35
60	22561	29
383	22561	48
649	22801	40
774	22801	30
234	22881	43
87	22961	20
177	22961	33
285	22961	64
536	23041	59
748	23121	65
140	23201	32
616	23201	38
495	23281	68
591	23281	67
367	23361	59
492	23521	54
499	23601	48
288	23681	53
95	23761	35
481	23761	44
698	23841	48
306	23921	79
468	23921	36
498	23921	73
549	24081	47
29	24241	31
156	24241	74
58	24321	75
486	24401	60
306	24481	31
500	24481	38
677	24481	77
66	24641	28
137	24641	53
72	24801	22
237	24881	70
734	24881	25
315	25041	20
587	25041	40
311	25201	60
310	25441	45
437	25441	21
786	25441	27
115	25601	43
264	25601	63
377	25601	25
441	25601	29
116	25761	57
587	25761	41
519	25841	26
110	26081	63
522	26081	46
629	26081	75
268	26161	37
465	26321	57
283	26401	39
373	26401	35
105	26481	53
250	26481	50
461	26481	75
743	26641	59
541	26721	38
558	26801	51
106	26881	22
186	27121	32
272	27121	75
404	27121	48
331	27201	24
20	27281	56
524	27281	59
44	27361	52
335	27521	48
113	27601	61
350	27601	80
445	27681	54
608	27761	53
710	27761	78
603	27841	29
240	27921	67
89	28001	55
110	28081	28
311	28081	35
606	28161	38
291	28321	57
351	28321	24
321	28481	24
558	28481	40
451	28561	59
161	28641	28
49	28721	43
289	28721	68
774	28801	74
101	28961	66
506	29121	34
101	29281	72
648	29281	49
438	29361	27
620	29361	60
43	29681	42
363	29681	69
792	29681	55
219	29761	35
397	29761	29
549	29761	49
330	29841	47
376	29921	76
336	30001	71
628	30081	20
171	30161	78
171	30241	79
158	30321	22
393	30321	43
312	30401	59
483	30401	63
619	30481	52
737	30561	37
146	30801	50
775	30801	32
516	30881	27
732	30961	48
237	31041	74
314	31041	74
707	31041	26
31	31121	36
19	31201	47
453	31201	55
20	31361	27
153	31361	65
218	31361	71
606	31361	47
642	31361	30
514	31441	45
593	31441	41
180	31521	52
559	31681	42
14	31761	42
137	31761	61
172	31761	57
307	31841	61
383	31841	46
234	31921	54
738	31921	75
110	32081	67
269	32241	27
328	32241	59
608	32241	53
564	32321	42
689	32321	39
129	32561	50
207	32561	71
530	32561	72
287	32641	51
495	32721	26
410	32801	41
45	32961	46
444	33041	70
648	33041	56
321	33121	51
193	33201	68
131	33281	54
481	33281	43
495	33441	43
312	33681	57
706	33841	69
195	34001	51
161	34081	58
730	34081	41
345	34481	76
671	34561	46
37	34641	61
716	34641	20
721	34641	60
446	34881	58
15	34961	57
82	34961	78
130	35041	27
17	35121	44
396	35281	62
157	35361	37
35	35441	25
359	35441	38
546	35521	57
654	35761	61
65	35841	62
300	35841	53
611	35921	42
