0	0	0	2.0	0
0	20	2.0	3.0	2
20	0	3.0	5.0	2
0	-20	5.0	6.0	0
-20	0	6.0	8.0	2
0	10	8.0	11.0	0
10	20	11.0	13.0	1
20	30	13.0	16.0	1
30	20	16.0	17.0	2
20	30	17.0	20.0	0
30	40	20.0	21.0	0
40	10	21.0	22.0	2
10	20	22.0	25.0	0
20	40	25.0	28.0	0
40	40	28.0	29.0	2
40	30	29.0	31.0	0
30	40	31.0	32.0	2
40	40	32.0	35.0	0
40	30	35.0	38.0	1
30	40	38.0	39.0	0
40	40	39.0	41.0	1
40	40	41.0	44.0	0
40	20	44.0	46.0	0
20	20	46.0	47.0	2
20	30	47.0	49.0	1
30	10	49.0	51.0	2
10	20	51.0	52.0	1
20	-10	52.0	53.0	2
-10	-20	53.0	55.0	0
-20	0	55.0	58.0	2
0	0	58.0	60.0	0
0	10	60.0	61.0	0
10	20	61.0	64.0	1
20	40	64.0	65.0	2
40	40	65.0	67.0	2
40	30	67.0	69.0	0
30	10	69.0	71.0	1
10	40	71.0	72.0	0
40	30	72.0	75.0	0
30	0	75.0	78.0	0
0	-20	78.0	79.0	0
-20	-30	79.0	80.0	2
-30	-10	80.0	83.0	1
-10	-30	83.0	86.0	2
-30	-20	86.0	87.0	0
-20	-10	87.0	88.0	1
-10	-10	88.0	91.0	2
-10	20	91.0	93.0	2
20	0	93.0	96.0	2
0	20	96.0	97.0	0
20	20	97.0	98.0	2
20	20	98.0	100.0	0
20	40	100.0	103.0	0
40	30	103.0	105.0	2
30	20	105.0	106.0	0
20	10	106.0	107.0	2
10	-20	107.0	109.0	1
-20	0	109.0	110.0	1
0	20	110.0	111.0	1
20	20	111.0	114.0	0
20	-10	114.0	117.0	0
-10	-40	117.0	119.0	0
-40	-30	119.0	120.0	1
-30	-40	120.0	123.0	2
-40	-10	123.0	126.0	0
-10	-10	126.0	127.0	1
-10	-20	127.0	129.0	2
-20	-30	129.0	131.0	2
-30	-30	131.0	133.0	1
-30	0	133.0	134.0	0
0	20	134.0	137.0	2
20	40	137.0	140.0	0
40	30	140.0	141.0	0
30	30	141.0	144.0	2
30	0	144.0	145.0	2
0	20	145.0	148.0	1
20	-10	148.0	149.0	0
-10	-40	149.0	150.0	2
-40	-20	150.0	152.0	0
-20	-40	152.0	154.0	0
-40	-10	154.0	157.0	1
-10	10	157.0	158.0	0
10	-20	158.0	160.0	2
-20	0	160.0	162.0	1
0	-10	162.0	163.0	0
-10	-10	163.0	164.0	1
-10	-10	164.0	165.0	0
-10	0	165.0	166.0	0
0	-20	166.0	167.0	1
-20	-10	167.0	169.0	0
-10	20	169.0	172.0	2
20	30	172.0	175.0	1
30	10	175.0	178.0	1
10	10	178.0	181.0	0
10	0	181.0	183.0	0
0	30	183.0	186.0	2
30	30	186.0	188.0	0
30	20	188.0	190.0	0
20	-10	190.0	193.0	1
-10	-40	193.0	196.0	0
-40	-10	196.0	198.0	1
-10	-30	198.0	201.0	1
-30	0	201.0	204.0	1
0	20	204.0	206.0	2
20	-10	206.0	208.0	2
-10	20	208.0	209.0	2
20	20	209.0	211.0	0
20	10	211.0	213.0	2
10	30	213.0	214.0	0
30	40	214.0	217.0	1
40	40	217.0	218.0	1
40	40	218.0	219.0	2
40	30	219.0	222.0	1
30	10	222.0	223.0	2
10	30	223.0	225.0	0
30	10	225.0	227.0	0
10	10	227.0	228.0	1
10	0	228.0	229.0	2
0	30	229.0	232.0	1
30	40	232.0	233.0	0
40	30	233.0	236.0	0
30	40	236.0	238.0	0
40	30	238.0	239.0	0
30	30	239.0	240.0	2
30	40	240.0	241.0	1
40	10	241.0	243.0	0
10	20	243.0	244.0	1
20	40	244.0	246.0	1
40	10	246.0	249.0	0
10	0	249.0	251.0	0
0	10	251.0	254.0	1
10	30	254.0	257.0	0
30	20	257.0	259.0	2
20	30	259.0	260.0	1
30	30	260.0	263.0	1
30	10	263.0	264.0	2
10	20	264.0	266.0	1
20	20	266.0	269.0	1
20	30	269.0	272.0	2
30	40	272.0	275.0	0
40	10	275.0	277.0	0
10	30	277.0	279.0	0
30	0	279.0	282.0	2
0	-10	282.0	283.0	2
-10	-40	283.0	284.0	0
-40	-10	284.0	286.0	0
-10	-10	286.0	288.0	1
-10	-20	288.0	289.0	2
-20	-10	289.0	292.0	2
-10	-10	292.0	295.0	2
-10	10	295.0	298.0	2
