0	0	0	2.0	0
0	-30	2.0	3.0	1
-30	-20	3.0	4.0	2
-20	10	4.0	7.0	1
10	0	7.0	10.0	1
0	-20	10.0	13.0	2
-20	-20	13.0	16.0	2
-20	0	16.0	18.0	0
0	-10	18.0	19.0	2
-10	-30	19.0	22.0	2
-30	-10	22.0	23.0	1
-10	10	23.0	26.0	2
10	40	26.0	27.0	0
40	40	27.0	30.0	0
40	20	30.0	33.0	2
20	-10	33.0	34.0	1
-10	0	34.0	35.0	1
0	-30	35.0	38.0	1
-30	-20	38.0	41.0	2
-20	-30	41.0	44.0	0
-30	0	44.0	45.0	0
0	-20	45.0	48.0	1
-20	-40	48.0	49.0	1
-40	-10	49.0	50.0	0
-10	-10	50.0	52.0	2
-10	-20	52.0	53.0	1
-20	-20	53.0	56.0	2
-20	-40	56.0	59.0	2
-40	-30	59.0	60.0	0
-30	-10	60.0	63.0	2
-10	0	63.0	66.0	1
0	30	66.0	69.0	0
30	20	69.0	72.0	2
20	10	72.0	75.0	1
10	10	75.0	78.0	2
10	40	78.0	79.0	1
40	20	79.0	82.0	2
20	-10	82.0	84.0	1
-10	-30	84.0	86.0	0
-30	0	86.0	87.0	1
0	-20	87.0	89.0	0
-20	10	89.0	91.0	0
10	10	91.0	92.0	0
10	20	92.0	95.0	0
20	-10	95.0	98.0	0
-10	0	98.0	99.0	0
0	-10	99.0	102.0	2
-10	-20	102.0	104.0	2
-20	-30	104.0	106.0	1
-30	-40	106.0	107.0	0
-40	-20	107.0	108.0	1
-20	10	108.0	110.0	0
10	30	110.0	112.0	1
30	10	112.0	114.0	1
10	30	114.0	117.0	1
30	20	117.0	119.0	1
20	-10	119.0	121.0	1
-10	-30	121.0	122.0	0
-30	-10	122.0	123.0	0
-10	0	123.0	125.0	0
0	0	125.0	127.0	1
0	-30	127.0	130.0	1
-30	-30	130.0	131.0	1
-30	-10	131.0	133.0	1
-10	20	133.0	136.0	1
20	10	136.0	137.0	2
10	-10	137.0	139.0	1
-10	-30	139.0	140.0	2
-30	0	140.0	141.0	2
0	-30	141.0	142.0	2
-30	-40	142.0	145.0	1
-40	-40	145.0	148.0	0
-40	-10	148.0	150.0	0
-10	-30	150.0	151.0	1
-30	-30	151.0	154.0	0
-30	-20	154.0	157.0	2
-20	0	157.0	159.0	1
0	-20	159.0	161.0	0
-20	-20	161.0	162.0	0
-20	10	162.0	165.0	1
10	10	165.0	167.0	0
10	0	167.0	169.0	1
0	10	169.0	170.0	0
10	10	170.0	173.0	0
10	-20	173.0	175.0	1
-20	-20	175.0	177.0	1
-20	-20	177.0	179.0	2
-20	0	179.0	182.0	1
0	0	182.0	185.0	0
0	20	185.0	186.0	0
20	30	186.0	189.0	1
30	20	189.0	190.0	2
20	20	190.0	191.0	0
20	10	191.0	194.0	0
10	10	194.0	197.0	1
10	20	197.0	200.0	2
20	30	200.0	203.0	0
30	0	203.0	205.0	1
0	30	205.0	208.0	1
30	40	208.0	209.0	1
40	40	209.0	210.0	2
40	10	210.0	212.0	2
10	40	212.0	215.0	1
40	20	215.0	216.0	0
20	-10	216.0	218.0	0
-10	-30	218.0	219.0	0
-30	0	219.0	221.0	0
0	30	221.0	223.0	2
30	40	223.0	226.0	1
40	10	226.0	227.0	0
10	0	227.0	230.0	1
0	-20	230.0	232.0	1
-20	-20	232.0	233.0	1
-20	0	233.0	235.0	0
0	20	235.0	236.0	2
20	-10	236.0	237.0	2
-10	10	237.0	240.0	2
10	-20	240.0	241.0	2
-20	-40	241.0	242.0	2
-40	-20	242.0	245.0	1
-20	-10	245.0	246.0	2
-10	20	246.0	247.0	1
20	-10	247.0	250.0	2
-10	10	250.0	251.0	0
10	30	251.0	253.0	2
30	0	253.0	256.0	2
0	30	256.0	259.0	2
30	40	259.0	262.0	0
40	30	262.0	265.0	2
30	10	265.0	268.0	2
10	40	268.0	269.0	1
40	10	269.0	270.0	1
10	30	270.0	272.0	1
30	0	272.0	274.0	2
0	20	274.0	275.0	1
20	40	275.0	277.0	2
40	40	277.0	279.0	2
40	20	279.0	282.0	1
20	20	282.0	284.0	2
20	20	284.0	285.0	2
20	20	285.0	286.0	0
20	10	286.0	288.0	0
10	20	288.0	290.0	0
20	0	290.0	293.0	0
0	0	293.0	295.0	1
0	-10	295.0	296.0	2
-10	20	296.0	299.0	0
