0	0	0	2.0	0
0	-20	2.0	3.0	2
-20	-40	3.0	4.0	2
-40	-20	4.0	7.0	0
-20	-20	7.0	8.0	2
-20	-40	8.0	10.0	0
-40	-40	10.0	13.0	1
-40	-10	13.0	16.0	0
-10	-40	16.0	19.0	0
-40	-20	19.0	21.0	0
-20	0	21.0	22.0	2
0	-10	22.0	23.0	2
-10	-30	23.0	26.0	1
-30	-20	26.0	27.0	0
-20	10	27.0	29.0	2
10	20	29.0	31.0	2
20	40	31.0	33.0	0
40	40	33.0	35.0	0
40	30	35.0	37.0	1
30	20	37.0	39.0	1
20	-10	39.0	42.0	2
-10	-30	42.0	44.0	1
-30	-30	44.0	45.0	0
-30	-30	45.0	47.0	2
-30	-40	47.0	50.0	2
-40	-20	50.0	51.0	1
-20	-10	51.0	53.0	0
-10	-40	53.0	56.0	1
-40	-30	56.0	58.0	1
-30	-40	58.0	59.0	2
-40	-30	59.0	61.0	0
-30	-10	61.0	62.0	2
-10	-10	62.0	63.0	0
-10	0	63.0	66.0	2
0	-10	66.0	68.0	0
-10	0	68.0	70.0	0
0	-30	70.0	72.0	0
-30	-20	72.0	74.0	2
-20	-30	74.0	77.0	2
-30	-10	77.0	78.0	0
-10	-30	78.0	79.0	0
-30	-20	79.0	81.0	1
-20	-20	81.0	84.0	2
-20	0	84.0	87.0	1
0	-20	87.0	90.0	1
-20	-40	90.0	92.0	1
-40	-30	92.0	94.0	2
-30	-20	94.0	96.0	0
-20	-30	96.0	99.0	0
-30	-10	99.0	100.0	0
-10	0	100.0	102.0	0
0	30	102.0	105.0	0
30	20	105.0	108.0	2
20	10	108.0	110.0	1
10	40	110.0	113.0	1
40	10	113.0	116.0	1
10	30	116.0	118.0	2
30	10	118.0	119.0	0
10	-10	119.0	121.0	2
-10	20	121.0	124.0	2
20	40	124.0	125.0	2
40	20	125.0	127.0	1
20	20	127.0	129.0	1
20	20	129.0	132.0	2
20	0	132.0	133.0	0
0	-30	133.0	134.0	1
-30	-10	134.0	137.0	1
-10	-30	137.0	139.0	0
-30	-40	139.0	140.0	1
-40	-10	140.0	141.0	2
-10	-20	141.0	144.0	0
-20	-20	144.0	147.0	1
-20	10	147.0	148.0	1
10	10	148.0	150.0	2
10	40	150.0	151.0	2
40	20	151.0	154.0	2
20	10	154.0	156.0	2
10	30	156.0	157.0	2
30	0	157.0	159.0	0
0	-10	159.0	162.0	1
-10	20	162.0	163.0	0
20	-10	163.0	166.0	1
-10	-20	166.0	168.0	0
-20	-10	168.0	171.0	2
-10	-10	171.0	172.0	2
-10	20	172.0	175.0	0
20	30	175.0	177.0	1
30	40	177.0	178.0	2
40	40	178.0	180.0	1
40	10	180.0	183.0	2
10	30	183.0	186.0	1
30	40	186.0	189.0	2
40	30	189.0	190.0	2
30	0	190.0	191.0	2
0	20	191.0	194.0	1
20	0	194.0	196.0	1
0	-30	196.0	198.0	2
-30	-30	198.0	201.0	1
-30	-20	201.0	202.0	1
-20	0	202.0	203.0	2
0	-30	203.0	205.0	1
-30	-10	205.0	206.0	1
-10	-40	206.0	208.0	0
-40	-20	208.0	210.0	2
-20	-30	210.0	211.0	0
-30	-40	211.0	212.0	0
-40	-20	212.0	214.0	0
-20	-40	214.0	216.0	1
-40	-40	216.0	218.0	0
-40	-10	218.0	219.0	2
-10	-20	219.0	222.0	0
-20	10	222.0	225.0	1
10	0	225.0	226.0	1
0	0	226.0	227.0	2
0	-10	227.0	230.0	1
-10	10	230.0	232.0	1
10	40	232.0	234.0	1
40	40	234.0	235.0	0
40	40	235.0	236.0	0
40	20	236.0	238.0	0
20	0	238.0	239.0	0
0	0	239.0	242.0	2
0	-20	242.0	245.0	2
-20	-20	245.0	247.0	0
-20	0	247.0	248.0	0
0	30	248.0	249.0	2
30	10	249.0	251.0	2
10	30	251.0	254.0	0
30	20	254.0	256.0	1
20	10	256.0	258.0	0
10	-20	258.0	261.0	1
-20	-10	261.0	264.0	2
-10	-10	264.0	266.0	0
-10	-10	266.0	269.0	1
-10	0	269.0	272.0	2
0	20	272.0	274.0	2
20	0	274.0	277.0	2
0	-30	277.0	279.0	2
-30	0	279.0	281.0	0
0	-30	281.0	282.0	0
-30	-10	282.0	284.0	2
-10	-30	284.0	285.0	2
-30	-20	285.0	287.0	0
-20	-40	287.0	290.0	0
-40	-20	290.0	292.0	1
-20	-20	292.0	294.0	0
-20	-20	294.0	297.0	0
