0	0	0	2.0	0
0	-30	2.0	5.0	0
-30	0	5.0	6.0	2
0	-10	6.0	8.0	2
-10	-40	8.0	11.0	1
-40	-40	11.0	14.0	1
-40	-10	14.0	15.0	1
-10	-10	15.0	16.0	0
-10	-10	16.0	17.0	1
-10	-20	17.0	18.0	2
-20	-40	18.0	20.0	1
-40	-30	20.0	23.0	0
-30	-20	23.0	25.0	1
-20	-40	25.0	26.0	0
-40	-10	26.0	29.0	2
-10	-10	29.0	30.0	2
-10	-30	30.0	31.0	2
-30	-30	31.0	33.0	0
-30	-30	33.0	34.0	0
-30	-40	34.0	35.0	2
-40	-30	35.0	38.0	2
-30	-20	38.0	40.0	2
-20	-40	40.0	41.0	0
-40	-20	41.0	43.0	0
-20	10	43.0	45.0	1
10	-20	45.0	46.0	2
-20	-10	46.0	48.0	1
-10	0	48.0	49.0	2
0	-10	49.0	50.0	1
-10	-20	50.0	51.0	2
-20	10	51.0	54.0	0
10	10	54.0	56.0	1
10	10	56.0	58.0	0
10	40	58.0	59.0	0
40	20	59.0	61.0	2
20	20	61.0	62.0	1
20	-10	62.0	63.0	1
-10	20	63.0	64.0	2
20	-10	64.0	65.0	2
-10	10	65.0	66.0	0
10	0	66.0	69.0	1
0	-20	69.0	71.0	0
-20	-30	71.0	72.0	0
-30	-30	72.0	74.0	2
-30	-10	74.0	75.0	0
-10	20	75.0	77.0	2
20	20	77.0	79.0	0
20	40	79.0	82.0	1
40	20	82.0	85.0	0
20	30	85.0	86.0	1
30	0	86.0	89.0	2
0	20	89.0	91.0	1
20	0	91.0	93.0	0
0	10	93.0	94.0	1
10	0	94.0	96.0	0
0	-30	96.0	98.0	2
-30	-10	98.0	101.0	1
-10	-40	101.0	102.0	0
-40	-30	102.0	104.0	1
-30	-10	104.0	105.0	1
-10	20	105.0	106.0	0
20	10	106.0	109.0	1
10	0	109.0	112.0	1
0	-30	112.0	113.0	0
-30	0	113.0	114.0	2
0	20	114.0	116.0	2
20	-10	116.0	117.0	0
-10	-20	117.0	118.0	1
-20	-10	118.0	121.0	0
-10	0	121.0	122.0	1
0	0	122.0	124.0	0
0	-20	124.0	125.0	0
-20	-30	125.0	127.0	0
-30	-20	127.0	128.0	1
-20	-30	128.0	130.0	2
-30	-40	130.0	132.0	1
-40	-40	132.0	133.0	0
-40	-30	133.0	134.0	2
-30	-40	134.0	135.0	0
-40	-40	135.0	136.0	0
-40	-30	136.0	139.0	1
-30	-40	139.0	142.0	0
-40	-30	142.0	145.0	2
-30	0	145.0	148.0	0
0	0	148.0	150.0	1
0	30	150.0	151.0	0
30	20	151.0	152.0	1
20	20	152.0	155.0	2
20	10	155.0	156.0	0
10	-20	156.0	159.0	0
-20	-40	159.0	161.0	1
-40	-20	161.0	162.0	1
-20	-30	162.0	165.0	2
-30	0	165.0	166.0	2
0	-30	166.0	168.0	2
-30	-30	168.0	171.0	1
-30	-10	171.0	174.0	1
-10	-40	174.0	175.0	2
-40	-20	175.0	178.0	2
-20	0	178.0	179.0	2
0	30	179.0	181.0	1
30	0	181.0	182.0	2
0	-10	182.0	184.0	2
-10	-30	184.0	187.0	0
-30	-30	187.0	189.0	0
-30	0	189.0	190.0	1
0	10	190.0	193.0	2
10	-10	193.0	196.0	0
-10	-20	196.0	199.0	2
-20	-30	199.0	200.0	2
-30	0	200.0	202.0	0
0	30	202.0	203.0	1
30	30	203.0	204.0	1
30	30	204.0	206.0	0
30	10	206.0	209.0	2
10	-20	209.0	210.0	0
-20	10	210.0	213.0	1
10	10	213.0	216.0	0
10	30	216.0	218.0	0
30	40	218.0	219.0	0
40	30	219.0	220.0	0
30	30	220.0	222.0	1
30	10	222.0	223.0	1
10	10	223.0	224.0	1
10	0	224.0	226.0	1
0	-20	226.0	229.0	0
-20	0	229.0	231.0	2
0	20	231.0	234.0	0
20	20	234.0	237.0	1
20	-10	237.0	238.0	2
-10	20	238.0	239.0	0
20	-10	239.0	241.0	0
-10	-30	241.0	244.0	1
-30	0	244.0	246.0	1
0	0	246.0	247.0	2
0	-30	247.0	248.0	2
-30	-10	248.0	251.0	1
-10	-40	251.0	252.0	1
-40	-10	252.0	254.0	0
-10	-20	254.0	257.0	1
-20	-20	257.0	260.0	2
-20	-40	260.0	262.0	0
-40	-20	262.0	263.0	1
-20	-10	263.0	265.0	1
-10	-10	265.0	266.0	2
-10	20	266.0	267.0	0
20	20	267.0	269.0	0
20	40	269.0	272.0	1
40	30	272.0	273.0	2
30	20	273.0	274.0	0
20	-10	274.0	277.0	1
-10	20	277.0	280.0	1
20	20	280.0	282.0	0
20	30	282.0	285.0	1
30	30	285.0	287.0	0
30	10	287.0	290.0	2
10	10	290.0	292.0	1
10	0	292.0	293.0	1
0	-30	293.0	294.0	2
-30	-30	294.0	296.0	2
-30	-30	296.0	299.0	0
