0	0	0	2.0	0
0	30	2.0	4.0	1
30	10	4.0	7.0	0
10	-10	7.0	10.0	0
-10	-40	10.0	13.0	0
-40	-10	13.0	14.0	1
-10	-20	14.0	17.0	1
-20	-10	17.0	18.0	1
-10	-40	18.0	21.0	0
-40	-40	21.0	22.0	2
-40	-10	22.0	23.0	0
-10	-30	23.0	25.0	1
-30	-10	25.0	28.0	1
-10	-10	28.0	31.0	1
-10	-40	31.0	33.0	0
-40	-20	33.0	34.0	1
-20	-20	34.0	35.0	1
-20	10	35.0	38.0	1
10	40	38.0	39.0	0
40	30	39.0	40.0	0
30	10	40.0	42.0	0
10	10	42.0	43.0	1
10	20	43.0	44.0	2
20	30	44.0	46.0	1
30	30	46.0	47.0	2
30	30	47.0	50.0	0
30	0	50.0	52.0	0
0	-30	52.0	53.0	1
-30	-10	53.0	55.0	1
-10	10	55.0	58.0	2
10	40	58.0	61.0	0
40	40	61.0	64.0	0
40	10	64.0	66.0	2
10	0	66.0	68.0	1
0	30	68.0	69.0	0
30	20	69.0	70.0	0
20	20	70.0	71.0	0
20	40	71.0	74.0	1
40	20	74.0	75.0	0
20	40	75.0	77.0	1
40	10	77.0	80.0	0
10	30	80.0	83.0	2
30	20	83.0	86.0	0
20	40	86.0	89.0	0
40	30	89.0	91.0	2
30	40	91.0	93.0	2
40	30	93.0	94.0	1
30	40	94.0	95.0	1
40	30	95.0	97.0	0
30	20	97.0	98.0	0
20	-10	98.0	99.0	2
-10	-30	99.0	102.0	1
-30	-40	102.0	105.0	0
-40	-30	105.0	108.0	1
-30	-40	108.0	109.0	1
-40	-20	109.0	112.0	2
-20	10	112.0	113.0	2
10	-20	113.0	115.0	1
-20	-30	115.0	118.0	0
-30	-10	118.0	120.0	2
-10	20	120.0	123.0	2
20	10	123.0	125.0	2
10	30	125.0	127.0	1
30	30	127.0	129.0	1
30	40	129.0	132.0	1
40	20	132.0	135.0	0
20	10	135.0	138.0	0
10	0	138.0	141.0	0
0	-10	141.0	144.0	1
-10	-10	144.0	147.0	1
-10	-40	147.0	148.0	0
-40	-30	148.0	150.0	1
-30	-10	150.0	153.0	0
-10	-40	153.0	156.0	0
-40	-40	156.0	159.0	1
-40	-40	159.0	160.0	0
-40	-10	160.0	162.0	2
-10	-40	162.0	163.0	0
-40	-10	163.0	164.0	1
-10	10	164.0	167.0	1
10	40	167.0	170.0	1
40	20	170.0	172.0	0
20	40	172.0	174.0	2
40	30	174.0	177.0	1
30	0	177.0	179.0	0
0	10	179.0	181.0	2
10	-20	181.0	184.0	0
-20	-30	184.0	185.0	0
-30	-10	185.0	188.0	0
-10	-40	188.0	191.0	1
-40	-10	191.0	192.0	2
-10	0	192.0	193.0	1
0	0	193.0	194.0	1
0	-20	194.0	196.0	0
-20	-20	196.0	197.0	2
-20	-40	197.0	199.0	2
-40	-10	199.0	200.0	1
-10	-20	200.0	201.0	2
-20	0	201.0	202.0	1
0	-30	202.0	205.0	1
-30	-10	205.0	206.0	1
-10	-30	206.0	209.0	0
-30	-10	209.0	211.0	2
-10	0	211.0	214.0	1
0	10	214.0	216.0	1
10	-10	216.0	217.0	1
-10	-40	217.0	218.0	2
-40	-40	218.0	221.0	0
-40	-20	221.0	223.0	0
-20	-20	223.0	225.0	1
-20	-40	225.0	228.0	2
-40	-10	228.0	230.0	0
-10	-20	230.0	231.0	2
-20	-20	231.0	234.0	1
-20	0	234.0	235.0	2
0	-30	235.0	236.0	1
-30	-10	236.0	239.0	1
-10	-40	239.0	242.0	2
-40	-20	242.0	245.0	2
-20	-10	245.0	248.0	0
-10	0	248.0	250.0	2
0	-30	250.0	252.0	2
-30	-10	252.0	255.0	0
-10	10	255.0	256.0	1
10	40	256.0	259.0	2
40	30	259.0	262.0	1
30	10	262.0	265.0	0
10	30	265.0	266.0	2
30	40	266.0	268.0	2
40	20	268.0	269.0	0
20	30	269.0	270.0	1
30	40	270.0	271.0	0
40	10	271.0	274.0	0
10	40	274.0	276.0	1
40	10	276.0	278.0	1
10	-10	278.0	280.0	1
-10	-10	280.0	281.0	1
-10	-10	281.0	283.0	1
-10	-30	283.0	286.0	1
-30	-10	286.0	287.0	1
-10	-10	287.0	288.0	2
-10	0	288.0	289.0	0
0	-10	289.0	291.0	0
-10	-40	291.0	293.0	1
-40	-40	293.0	295.0	2
-40	-20	295.0	296.0	2
-20	-30	296.0	299.0	1
