0	0	0	2.0	0
0	-10	2.0	5.0	2
-10	10	5.0	8.0	2
10	10	8.0	9.0	0
10	0	9.0	11.0	1
0	-30	11.0	13.0	0
-30	-10	13.0	16.0	1
-10	10	16.0	17.0	2
10	20	17.0	18.0	1
20	40	18.0	19.0	2
40	40	19.0	21.0	0
40	40	21.0	23.0	0
40	40	23.0	25.0	1
40	10	25.0	27.0	1
10	0	27.0	29.0	1
0	20	29.0	31.0	1
20	40	31.0	32.0	1
40	30	32.0	34.0	0
30	40	34.0	36.0	1
40	10	36.0	38.0	0
10	-20	38.0	40.0	1
-20	-20	40.0	41.0	1
-20	-20	41.0	43.0	2
-20	10	43.0	46.0	1
10	20	46.0	47.0	0
20	40	47.0	48.0	2
40	10	48.0	50.0	1
10	-20	50.0	52.0	2
-20	-40	52.0	53.0	1
-40	-10	53.0	54.0	2
-10	10	54.0	55.0	2
10	20	55.0	56.0	1
20	0	56.0	59.0	0
0	-10	59.0	61.0	1
-10	-30	61.0	64.0	1
-30	-30	64.0	65.0	2
-30	-40	65.0	68.0	0
-40	-30	68.0	70.0	0
-30	-20	70.0	71.0	2
-20	-30	71.0	72.0	2
-30	0	72.0	75.0	1
0	-30	75.0	78.0	1
-30	-30	78.0	79.0	1
-30	-20	79.0	82.0	0
-20	-30	82.0	85.0	0
-30	-20	85.0	87.0	0
-20	-30	87.0	89.0	1
-30	-10	89.0	91.0	2
-10	-30	91.0	93.0	0
-30	-20	93.0	96.0	0
-20	-10	96.0	98.0	0
-10	-40	98.0	100.0	0
-40	-30	100.0	102.0	1
-30	0	102.0	103.0	2
0	20	103.0	106.0	2
20	-10	106.0	108.0	1
-10	0	108.0	111.0	1
0	0	111.0	112.0	1
0	0	112.0	113.0	2
0	-30	113.0	114.0	1
-30	-40	114.0	116.0	1
-40	-20	116.0	119.0	2
-20	-10	119.0	120.0	0
-10	-30	120.0	122.0	2
-30	-30	122.0	125.0	0
-30	-20	125.0	126.0	1
-20	-10	126.0	127.0	2
-10	-10	127.0	129.0	2
-10	0	129.0	131.0	2
0	30	131.0	134.0	0
30	20	134.0	136.0	0
20	40	136.0	137.0	1
40	20	137.0	140.0	1
20	30	140.0	143.0	0
30	20	143.0	144.0	0
20	20	144.0	147.0	1
20	10	147.0	149.0	0
10	10	149.0	150.0	2
10	-20	150.0	151.0	0
-20	0	151.0	153.0	0
0	10	153.0	154.0	0
10	0	154.0	155.0	0
0	0	155.0	158.0	0
0	20	158.0	159.0	2
20	40	159.0	162.0	1
40	20	162.0	164.0	0
20	10	164.0	167.0	1
10	40	167.0	168.0	1
40	30	168.0	171.0	0
30	0	171.0	172.0	1
0	-10	172.0	174.0	2
-10	-20	174.0	175.0	2
-20	-10	175.0	178.0	0
-10	-30	178.0	181.0	0
-30	-30	181.0	182.0	0
-30	-30	182.0	185.0	1
-30	0	185.0	186.0	0
0	0	186.0	188.0	0
0	0	188.0	191.0	2
0	0	191.0	193.0	1
0	-30	193.0	195.0	2
-30	-20	195.0	196.0	2
-20	-40	196.0	199.0	1
-40	-30	199.0	200.0	0
-30	-30	200.0	203.0	2
-30	-40	203.0	206.0	1
-40	-40	206.0	207.0	0
-40	-40	207.0	209.0	0
-40	-10	209.0	210.0	1
-10	0	210.0	212.0	1
0	-30	212.0	214.0	1
-30	-40	214.0	216.0	2
-40	-30	216.0	217.0	2
-30	-20	217.0	219.0	2
-20	-30	219.0	221.0	2
-30	-20	221.0	222.0	1
-20	10	222.0	224.0	2
10	10	224.0	225.0	1
10	40	225.0	227.0	1
40	10	227.0	230.0	1
10	40	230.0	233.0	0
40	10	233.0	234.0	2
10	0	234.0	235.0	1
0	-10	235.0	237.0	0
-10	0	237.0	238.0	2
0	-10	238.0	240.0	0
-10	-40	240.0	242.0	0
-40	-30	242.0	244.0	1
-30	-10	244.0	247.0	0
-10	0	247.0	248.0	1
0	-30	248.0	251.0	1
-30	0	251.0	253.0	2
0	-30	253.0	256.0	1
-30	0	256.0	258.0	2
0	-20	258.0	259.0	0
-20	-20	259.0	262.0	2
-20	-30	262.0	264.0	2
-30	-20	264.0	265.0	0
-20	10	265.0	266.0	2
10	30	266.0	268.0	1
30	20	268.0	270.0	2
20	20	270.0	271.0	0
20	40	271.0	274.0	2
40	30	274.0	275.0	2
30	20	275.0	278.0	2
20	0	278.0	280.0	1
0	20	280.0	282.0	2
20	30	282.0	284.0	0
30	20	284.0	285.0	1
20	0	285.0	286.0	2
0	0	286.0	287.0	1
0	20	287.0	288.0	2
20	10	288.0	291.0	2
10	-20	291.0	294.0	1
-20	-20	294.0	295.0	2
-20	0	295.0	297.0	1
0	-10	297.0	299.0	0
