0	0	0	2.0	0
0	10	2.0	5.0	1
10	-20	5.0	6.0	2
-20	10	6.0	9.0	1
10	0	9.0	10.0	1
0	-10	10.0	12.0	1
-10	-40	12.0	15.0	2
-40	-40	15.0	17.0	0
-40	-30	17.0	19.0	1
-30	-10	19.0	22.0	2
-10	-40	22.0	24.0	0
-40	-40	24.0	25.0	0
-40	-20	25.0	27.0	0
-20	-30	27.0	29.0	1
-30	-30	29.0	30.0	0
-30	-30	30.0	32.0	0
-30	-20	32.0	34.0	1
-20	-10	34.0	37.0	2
-10	-40	37.0	40.0	1
-40	-10	40.0	43.0	2
-10	-10	43.0	45.0	1
-10	20	45.0	48.0	1
20	30	48.0	49.0	0
30	20	49.0	50.0	1
20	10	50.0	53.0	1
10	30	53.0	55.0	2
30	40	55.0	58.0	2
40	20	58.0	60.0	2
20	30	60.0	63.0	1
30	20	63.0	65.0	1
20	20	65.0	67.0	0
20	0	67.0	70.0	1
0	0	70.0	72.0	2
0	-10	72.0	73.0	1
-10	-10	73.0	75.0	0
-10	10	75.0	76.0	0
10	20	76.0	78.0	1
20	40	78.0	80.0	0
40	30	80.0	81.0	2
30	0	81.0	83.0	0
0	-30	83.0	86.0	1
-30	-40	86.0	88.0	1
-40	-40	88.0	89.0	1
-40	-40	89.0	92.0	0
-40	-10	92.0	93.0	0
-10	10	93.0	95.0	1
10	20	95.0	97.0	2
20	0	97.0	98.0	0
0	-20	98.0	101.0	2
-20	-40	101.0	102.0	0
-40	-40	102.0	103.0	2
-40	-40	103.0	104.0	2
-40	-30	104.0	106.0	0
-30	-10	106.0	107.0	2
-10	-30	107.0	108.0	1
-30	-40	108.0	109.0	2
-40	-20	109.0	110.0	1
-20	-10	110.0	111.0	0
-10	-30	111.0	114.0	0
-30	0	114.0	117.0	0
0	10	117.0	120.0	2
10	-10	120.0	121.0	1
-10	20	121.0	123.0	2
20	40	123.0	125.0	2
40	40	125.0	126.0	0
40	40	126.0	128.0	2
40	40	128.0	129.0	1
40	30	129.0	131.0	1
30	0	131.0	134.0	1
0	0	134.0	135.0	0
0	30	135.0	136.0	1
30	40	136.0	139.0	2
40	40	139.0	140.0	1
40	30	140.0	141.0	0
30	40	141.0	144.0	2
40	30	144.0	147.0	1
30	40	147.0	149.0	0
40	10	149.0	151.0	1
10	10	151.0	153.0	1
10	20	153.0	154.0	0
20	40	154.0	155.0	0
40	40	155.0	157.0	1
40	20	157.0	158.0	0
20	40	158.0	161.0	2
40	40	161.0	164.0	2
40	30	164.0	165.0	0
30	10	165.0	167.0	1
10	-20	167.0	170.0	0
-20	-40	170.0	173.0	0
-40	-10	173.0	176.0	0
-10	-10	176.0	179.0	2
-10	-40	179.0	180.0	2
-40	-20	180.0	182.0	0
-20	10	182.0	184.0	0
10	-10	184.0	187.0	0
-10	-10	187.0	189.0	1
-10	-40	189.0	192.0	2
-40	-20	192.0	194.0	2
-20	0	194.0	197.0	0
0	-10	197.0	200.0	2
-10	-30	200.0	202.0	1
-30	-10	202.0	203.0	0
-10	0	203.0	205.0	1
0	-30	205.0	208.0	1
-30	-30	208.0	210.0	1
-30	-10	210.0	213.0	0
-10	-10	213.0	214.0	1
-10	0	214.0	217.0	0
0	30	217.0	220.0	1
30	10	220.0	223.0	0
10	-20	223.0	225.0	0
-20	-20	225.0	227.0	2
-20	0	227.0	230.0	1
0	20	230.0	231.0	2
20	40	231.0	233.0	0
40	20	233.0	234.0	2
20	40	234.0	235.0	2
40	40	235.0	236.0	1
40	20	236.0	239.0	1
20	10	239.0	242.0	1
10	-10	242.0	245.0	0
-10	0	245.0	247.0	2
0	-30	247.0	248.0	2
-30	0	248.0	251.0	0
0	-20	251.0	253.0	0
-20	-40	253.0	256.0	0
-40	-40	256.0	259.0	2
-40	-10	259.0	262.0	2
-10	-20	262.0	263.0	1
-20	-40	263.0	265.0	1
-40	-10	265.0	267.0	2
-10	-30	267.0	269.0	1
-30	-40	269.0	270.0	2
-40	-40	270.0	273.0	2
-40	-30	273.0	274.0	0
-30	-40	274.0	276.0	1
-40	-20	276.0	278.0	0
-20	10	278.0	279.0	0
10	-20	279.0	282.0	2
-20	-30	282.0	283.0	0
-30	-10	283.0	285.0	0
-10	-30	285.0	287.0	1
-30	-10	287.0	289.0	1
-10	0	289.0	291.0	2
0	-10	291.0	293.0	1
-10	0	293.0	294.0	2
0	0	294.0	296.0	1
0	-20	296.0	299.0	2
