0	0	0	2.0	0
0	-30	2.0	3.0	1
-30	-40	3.0	4.0	2
-40	-40	4.0	6.0	2
-40	-20	6.0	7.0	0
-20	10	7.0	8.0	1
10	10	8.0	9.0	1
10	10	9.0	12.0	2
10	10	12.0	13.0	2
10	-20	13.0	16.0	2
-20	0	16.0	18.0	2
0	-20	18.0	20.0	1
-20	-40	20.0	22.0	0
-40	-10	22.0	24.0	2
-10	0	24.0	26.0	1
0	10	26.0	29.0	1
10	-20	29.0	30.0	1
-20	-20	30.0	32.0	2
-20	-30	32.0	33.0	0
-30	-20	33.0	35.0	0
-20	-40	35.0	37.0	2
-40	-40	37.0	40.0	1
-40	-40	40.0	41.0	1
-40	-30	41.0	43.0	2
-30	-40	43.0	46.0	2
-40	-40	46.0	49.0	1
-40	-30	49.0	52.0	1
-30	-20	52.0	54.0	2
-20	-30	54.0	56.0	0
-30	-10	56.0	57.0	2
-10	-10	57.0	58.0	0
-10	20	58.0	61.0	0
20	0	61.0	62.0	2
0	30	62.0	63.0	0
30	20	63.0	65.0	2
20	0	65.0	68.0	0
0	30	68.0	70.0	2
30	40	70.0	72.0	1
40	30	72.0	75.0	2
30	10	75.0	76.0	0
10	10	76.0	78.0	1
10	40	78.0	81.0	1
40	30	81.0	84.0	2
30	10	84.0	85.0	1
10	-20	85.0	87.0	2
-20	10	87.0	90.0	0
10	-20	90.0	93.0	0
-20	10	93.0	95.0	2
10	0	95.0	97.0	2
0	-10	97.0	99.0	2
-10	10	99.0	102.0	0
10	20	102.0	105.0	2
20	20	105.0	106.0	0
20	-10	106.0	108.0	2
-10	0	108.0	111.0	2
0	10	111.0	113.0	1
10	0	113.0	115.0	2
0	0	115.0	116.0	0
0	-10	116.0	119.0	2
-10	-20	119.0	120.0	2
-20	-30	120.0	122.0	2
-30	-40	122.0	123.0	2
-40	-40	123.0	126.0	2
-40	-40	126.0	127.0	2
-40	-10	127.0	129.0	2
-10	-40	129.0	130.0	1
-40	-20	130.0	132.0	2
-20	0	132.0	135.0	0
0	-20	135.0	137.0	1
-20	10	137.0	140.0	0
10	0	140.0	141.0	0
0	10	141.0	144.0	1
10	-10	144.0	147.0	0
-10	0	147.0	148.0	0
0	-30	148.0	150.0	1
-30	-40	150.0	153.0	2
-40	-30	153.0	156.0	2
-30	-40	156.0	159.0	1
-40	-10	159.0	161.0	1
-10	-30	161.0	162.0	1
-30	-30	162.0	164.0	0
-30	-40	164.0	167.0	1
-40	-10	167.0	168.0	0
-10	-30	168.0	169.0	0
-30	-30	169.0	172.0	1
-30	-20	172.0	174.0	1
-20	-10	174.0	177.0	1
-10	-30	177.0	178.0	0
-30	-40	178.0	179.0	2
-40	-30	179.0	180.0	2
-30	0	180.0	181.0	2
0	0	181.0	182.0	0
0	-10	182.0	185.0	0
-10	-20	185.0	188.0	2
-20	-40	188.0	190.0	1
-40	-30	190.0	191.0	1
-30	-30	191.0	194.0	2
-30	-20	194.0	197.0	2
-20	-20	197.0	199.0	1
-20	10	199.0	201.0	0
10	0	201.0	202.0	2
0	0	202.0	203.0	2
0	-20	203.0	206.0	1
-20	10	206.0	209.0	1
10	40	209.0	210.0	1
40	10	210.0	213.0	1
10	-20	213.0	215.0	2
-20	-30	215.0	217.0	0
-30	0	217.0	220.0	2
0	20	220.0	222.0	0
20	10	222.0	225.0	0
10	-10	225.0	228.0	0
-10	0	228.0	231.0	0
0	-30	231.0	234.0	1
-30	-20	234.0	236.0	1
-20	-10	236.0	239.0	1
-10	-20	239.0	241.0	0
-20	0	241.0	243.0	0
0	10	243.0	246.0	2
10	10	246.0	249.0	2
10	20	249.0	252.0	1
20	-10	252.0	254.0	0
-10	-10	254.0	256.0	1
-10	0	256.0	257.0	2
0	-30	257.0	258.0	1
-30	-10	258.0	260.0	2
-10	20	260.0	261.0	1
20	40	261.0	262.0	1
40	10	262.0	263.0	2
10	30	263.0	266.0	1
30	30	266.0	268.0	2
30	40	268.0	271.0	0
40	10	271.0	272.0	0
10	10	272.0	275.0	0
10	0	275.0	276.0	0
0	0	276.0	277.0	0
0	30	277.0	280.0	1
30	20	280.0	282.0	2
20	10	282.0	285.0	2
10	0	285.0	288.0	0
0	0	288.0	290.0	1
0	10	290.0	292.0	0
10	40	292.0	294.0	2
40	20	294.0	297.0	2
20	20	297.0	298.0	2
20	10	298.0	299.0	1
