0	0	0	2.0	0
0	-10	2.0	3.0	0
-10	20	3.0	5.0	0
20	10	5.0	8.0	1
10	-10	8.0	10.0	2
-10	-20	10.0	13.0	1
-20	-10	13.0	16.0	2
-10	10	16.0	19.0	1
10	30	19.0	20.0	2
30	10	20.0	21.0	2
10	40	21.0	22.0	2
40	40	22.0	24.0	2
40	10	24.0	27.0	2
10	-20	27.0	30.0	1
-20	-30	30.0	33.0	2
-30	-30	33.0	36.0	1
-30	-20	36.0	37.0	1
-20	-20	37.0	40.0	0
-20	-10	40.0	41.0	2
-10	-10	41.0	43.0	1
-10	10	43.0	46.0	0
10	20	46.0	48.0	2
20	20	48.0	51.0	2
20	40	51.0	54.0	0
40	30	54.0	56.0	1
30	30	56.0	59.0	1
30	20	59.0	62.0	2
20	20	62.0	63.0	1
20	-10	63.0	66.0	1
-10	-30	66.0	67.0	0
-30	-20	67.0	69.0	0
-20	-30	69.0	71.0	2
-30	-20	71.0	74.0	2
-20	10	74.0	75.0	2
10	30	75.0	78.0	1
30	30	78.0	80.0	2
30	20	80.0	82.0	2
20	40	82.0	83.0	0
40	20	83.0	85.0	1
20	20	85.0	88.0	1
20	40	88.0	91.0	1
40	40	91.0	93.0	2
40	10	93.0	94.0	0
10	-20	94.0	95.0	1
-20	-10	95.0	98.0	2
-10	0	98.0	101.0	2
0	30	101.0	102.0	0
30	0	102.0	105.0	1
0	-30	105.0	106.0	1
-30	-40	106.0	108.0	2
-40	-10	108.0	111.0	2
-10	-20	111.0	114.0	1
-20	0	114.0	115.0	0
0	10	115.0	118.0	0
10	10	118.0	119.0	0
10	30	119.0	121.0	2
30	30	121.0	122.0	2
30	30	122.0	123.0	2
30	20	123.0	125.0	1
20	10	125.0	126.0	0
10	0	126.0	127.0	1
0	20	127.0	130.0	1
20	30	130.0	133.0	2
30	10	133.0	136.0	1
10	30	136.0	139.0	1
30	30	139.0	142.0	2
30	20	142.0	143.0	1
20	20	143.0	145.0	2
20	40	145.0	146.0	0
40	20	146.0	147.0	0
20	40	147.0	150.0	2
40	10	150.0	153.0	1
10	20	153.0	156.0	2
20	40	156.0	157.0	2
40	20	157.0	160.0	2
20	30	160.0	161.0	0
30	30	161.0	163.0	0
30	10	163.0	165.0	2
10	20	165.0	168.0	0
20	40	168.0	170.0	2
40	30	170.0	173.0	2
30	0	173.0	175.0	0
0	10	175.0	176.0	1
10	10	176.0	178.0	0
10	20	178.0	179.0	0
20	20	179.0	180.0	2
20	20	180.0	181.0	2
20	40	181.0	184.0	2
40	40	184.0	187.0	2
40	20	187.0	188.0	2
20	40	188.0	189.0	1
40	20	189.0	191.0	1
20	30	191.0	194.0	0
30	30	194.0	195.0	2
30	30	195.0	198.0	0
30	20	198.0	199.0	0
20	-10	199.0	202.0	1
-10	-10	202.0	203.0	2
-10	-20	203.0	206.0	2
-20	-30	206.0	207.0	2
-30	-30	207.0	208.0	2
-30	-20	208.0	209.0	0
-20	-10	209.0	210.0	0
-10	-30	210.0	213.0	0
-30	-10	213.0	215.0	1
-10	-40	215.0	216.0	0
-40	-30	216.0	219.0	0
-30	0	219.0	222.0	0
0	-10	222.0	224.0	0
-10	-30	224.0	226.0	1
-30	-10	226.0	229.0	0
-10	-10	229.0	231.0	2
-10	-10	231.0	233.0	1
-10	0	233.0	235.0	1
0	-10	235.0	236.0	0
-10	-30	236.0	238.0	2
-30	-40	238.0	240.0	2
-40	-30	240.0	241.0	0
-30	-40	241.0	243.0	2
-40	-40	243.0	244.0	1
-40	-40	244.0	246.0	0
-40	-10	246.0	247.0	2
-10	-40	247.0	249.0	1
-40	-30	249.0	252.0	2
-30	-40	252.0	253.0	2
-40	-40	253.0	256.0	0
-40	-10	256.0	259.0	0
-10	-10	259.0	262.0	2
-10	10	262.0	265.0	2
10	30	265.0	268.0	1
30	40	268.0	270.0	1
40	40	270.0	271.0	2
40	20	271.0	273.0	1
20	10	273.0	274.0	2
10	0	274.0	276.0	1
0	30	276.0	279.0	1
30	0	279.0	282.0	0
0	20	282.0	283.0	2
20	0	283.0	285.0	1
0	-10	285.0	286.0	1
-10	-30	286.0	288.0	2
-30	-30	288.0	291.0	1
-30	-30	291.0	294.0	2
-30	-40	294.0	295.0	1
-40	-10	295.0	297.0	1
