0	0	0	2.0	0
0	10	2.0	3.0	2
10	40	3.0	5.0	0
40	40	5.0	7.0	2
40	10	7.0	9.0	0
10	20	9.0	11.0	2
20	40	11.0	14.0	0
40	30	14.0	16.0	2
30	30	16.0	19.0	1
30	40	19.0	21.0	2
40	40	21.0	23.0	0
40	30	23.0	25.0	2
30	30	25.0	26.0	2
30	30	26.0	27.0	1
30	30	27.0	29.0	1
30	0	29.0	32.0	1
0	-10	32.0	34.0	2
-10	0	34.0	36.0	0
0	-20	36.0	39.0	1
-20	-10	39.0	42.0	2
-10	-10	42.0	43.0	1
-10	-20	43.0	44.0	0
-20	-20	44.0	45.0	2
-20	-10	45.0	47.0	2
-10	20	47.0	49.0	0
20	-10	49.0	52.0	1
-10	20	52.0	55.0	2
20	10	55.0	58.0	1
10	30	58.0	61.0	1
30	40	61.0	62.0	0
40	20	62.0	64.0	1
20	-10	64.0	66.0	0
-10	-20	66.0	67.0	0
-20	10	67.0	69.0	1
10	10	69.0	71.0	2
10	20	71.0	74.0	2
20	-10	74.0	77.0	1
-10	-40	77.0	80.0	1
-40	-40	80.0	82.0	1
-40	-20	82.0	83.0	2
-20	-10	83.0	86.0	2
-10	-40	86.0	87.0	2
-40	-40	87.0	89.0	1
-40	-30	89.0	90.0	1
-30	0	90.0	92.0	1
0	0	92.0	93.0	0
0	20	93.0	96.0	0
20	0	96.0	98.0	0
0	20	98.0	100.0	1
20	10	100.0	102.0	2
10	20	102.0	103.0	2
20	20	103.0	105.0	1
20	30	105.0	106.0	2
30	20	106.0	109.0	1
20	30	109.0	112.0	2
30	0	112.0	115.0	2
0	0	115.0	118.0	0
0	-20	118.0	119.0	0
-20	-20	119.0	121.0	0
-20	-30	121.0	122.0	1
-30	-10	122.0	124.0	0
-10	10	124.0	125.0	2
10	-20	125.0	127.0	1
-20	0	127.0	130.0	0
0	20	130.0	133.0	2
20	20	133.0	134.0	2
20	-10	134.0	135.0	1
-10	-20	135.0	138.0	1
-20	-20	138.0	139.0	0
-20	-10	139.0	140.0	0
-10	-40	140.0	143.0	1
-40	-40	143.0	144.0	2
-40	-20	144.0	145.0	0
-20	-30	145.0	148.0	2
-30	0	148.0	150.0	2
0	10	150.0	152.0	2
10	-20	152.0	154.0	1
-20	-10	154.0	157.0	1
-10	-20	157.0	160.0	2
-20	-20	160.0	161.0	1
-20	0	161.0	163.0	0
0	-10	163.0	166.0	1
-10	-40	166.0	168.0	1
-40	-20	168.0	171.0	1
-20	0	171.0	173.0	2
0	-10	173.0	175.0	2
-10	10	175.0	178.0	0
10	-10	178.0	180.0	0
-10	10	180.0	182.0	1
10	0	182.0	185.0	1
0	-20	185.0	186.0	2
-20	-10	186.0	188.0	0
-10	0	188.0	189.0	1
0	-10	189.0	192.0	2
-10	-20	192.0	194.0	2
-20	-20	194.0	195.0	0
-20	-40	195.0	196.0	2
-40	-40	196.0	199.0	2
-40	-40	199.0	202.0	2
-40	-30	202.0	204.0	1
-30	-10	204.0	205.0	0
-10	0	205.0	207.0	0
0	-20	207.0	210.0	2
-20	-20	210.0	213.0	0
-20	-10	213.0	216.0	1
-10	20	216.0	217.0	2
20	0	217.0	219.0	2
0	30	219.0	220.0	0
30	20	220.0	223.0	1
20	20	223.0	226.0	2
20	-10	226.0	229.0	0
-10	0	229.0	232.0	1
0	-30	232.0	233.0	0
-30	-40	233.0	234.0	1
-40	-10	234.0	235.0	2
-10	10	235.0	236.0	2
10	10	236.0	237.0	1
10	-20	237.0	238.0	0
-20	0	238.0	241.0	0
0	0	241.0	243.0	0
0	10	243.0	244.0	0
10	0	244.0	245.0	0
0	0	245.0	246.0	0
0	20	246.0	249.0	2
20	0	249.0	252.0	0
0	-30	252.0	255.0	2
-30	0	255.0	257.0	0
0	-10	257.0	258.0	2
-10	-20	258.0	259.0	1
-20	-10	259.0	260.0	2
-10	20	260.0	262.0	2
20	30	262.0	264.0	2
30	20	264.0	265.0	1
20	30	265.0	266.0	2
30	0	266.0	269.0	2
0	0	269.0	270.0	2
0	-30	270.0	273.0	2
-30	0	273.0	275.0	2
0	-10	275.0	278.0	0
-10	10	278.0	280.0	2
10	0	280.0	283.0	2
0	-20	283.0	284.0	0
-20	-20	284.0	287.0	1
-20	-30	287.0	290.0	0
-30	-10	290.0	293.0	2
-10	10	293.0	294.0	1
10	-20	294.0	297.0	2
