0	0	0	2.0	0
0	30	2.0	4.0	0
30	0	4.0	5.0	1
0	30	5.0	8.0	0
30	20	8.0	9.0	1
20	0	9.0	10.0	1
0	0	10.0	12.0	1
0	20	12.0	13.0	1
20	-10	13.0	16.0	2
-10	-20	16.0	18.0	2
-20	-40	18.0	20.0	2
-40	-30	20.0	22.0	0
-30	0	22.0	25.0	1
0	0	25.0	26.0	2
0	0	26.0	29.0	1
0	-20	29.0	32.0	2
-20	0	32.0	35.0	2
0	20	35.0	36.0	0
20	30	36.0	37.0	1
30	40	37.0	38.0	1
40	20	38.0	39.0	2
20	30	39.0	42.0	1
30	20	42.0	43.0	1
20	30	43.0	45.0	0
30	10	45.0	48.0	0
10	10	48.0	50.0	2
10	-10	50.0	51.0	2
-10	10	51.0	53.0	0
10	20	53.0	56.0	0
20	30	56.0	59.0	2
30	10	59.0	62.0	1
10	-10	62.0	64.0	0
-10	-30	64.0	65.0	2
-30	-30	65.0	67.0	2
-30	-20	67.0	68.0	1
-20	-40	68.0	70.0	2
-40	-10	70.0	72.0	0
-10	-40	72.0	73.0	0
-40	-10	73.0	76.0	1
-10	20	76.0	79.0	2
20	10	79.0	82.0	2
10	10	82.0	83.0	0
10	-10	83.0	86.0	1
-10	-20	86.0	89.0	2
-20	0	89.0	90.0	1
0	10	90.0	93.0	0
10	40	93.0	95.0	0
40	10	95.0	98.0	0
10	-10	98.0	99.0	2
-10	-10	99.0	101.0	1
-10	-10	101.0	103.0	2
-10	10	103.0	106.0	2
10	0	106.0	107.0	1
0	30	107.0	110.0	1
30	10	110.0	113.0	0
10	20	113.0	114.0	1
20	40	114.0	117.0	0
40	30	117.0	120.0	2
30	40	120.0	123.0	2
40	10	123.0	124.0	2
10	-20	124.0	126.0	2
-20	-40	126.0	128.0	2
-40	-30	128.0	129.0	2
-30	-10	129.0	132.0	1
-10	20	132.0	135.0	1
20	40	135.0	137.0	1
40	20	137.0	140.0	0
20	30	140.0	143.0	2
30	40	143.0	144.0	1
40	30	144.0	145.0	0
30	20	145.0	147.0	0
20	10	147.0	150.0	1
10	40	150.0	153.0	0
40	10	153.0	155.0	2
10	-20	155.0	156.0	2
-20	0	156.0	159.0	2
0	-20	159.0	160.0	2
-20	-30	160.0	162.0	1
-30	-10	162.0	164.0	2
-10	-30	164.0	167.0	2
-30	-40	167.0	169.0	2
-40	-20	169.0	170.0	0
-20	0	170.0	172.0	2
0	30	172.0	173.0	1
30	40	173.0	174.0	1
40	10	174.0	176.0	0
10	10	176.0	177.0	2
10	20	177.0	179.0	2
20	20	179.0	180.0	2
20	40	180.0	183.0	0
40	10	183.0	186.0	0
10	40	186.0	188.0	1
40	20	188.0	190.0	2
20	10	190.0	193.0	1
10	-20	193.0	196.0	0
-20	-30	196.0	197.0	2
-30	-30	197.0	200.0	1
-30	-40	200.0	203.0	2
-40	-30	203.0	206.0	1
-30	-10	206.0	208.0	2
-10	0	208.0	210.0	0
0	-20	210.0	212.0	1
-20	-40	212.0	214.0	1
-40	-10	214.0	217.0	2
-10	-10	217.0	218.0	1
-10	-20	218.0	219.0	1
-20	0	219.0	222.0	2
0	-10	222.0	225.0	2
-10	-10	225.0	226.0	2
-10	-20	226.0	227.0	0
-20	-10	227.0	229.0	2
-10	0	229.0	232.0	0
0	10	232.0	234.0	1
10	30	234.0	235.0	2
30	10	235.0	237.0	1
10	20	237.0	240.0	1
20	20	240.0	243.0	0
20	30	243.0	244.0	1
30	0	244.0	246.0	0
0	10	246.0	249.0	1
10	30	249.0	250.0	2
30	20	250.0	251.0	1
20	40	251.0	254.0	1
40	10	254.0	255.0	0
10	10	255.0	258.0	2
10	-20	258.0	260.0	2
-20	-40	260.0	262.0	1
-40	-10	262.0	265.0	1
-10	-40	265.0	267.0	2
-40	-40	267.0	270.0	1
-40	-30	270.0	273.0	0
-30	-40	273.0	276.0	0
-40	-10	276.0	279.0	0
-10	-30	279.0	281.0	2
-30	-10	281.0	284.0	2
-10	10	284.0	285.0	2
10	30	285.0	287.0	2
30	40	287.0	288.0	0
40	20	288.0	290.0	0
20	10	290.0	293.0	0
10	-10	293.0	295.0	2
-10	-10	295.0	298.0	0
