0	0	0	2.0	0
0	-10	2.0	4.0	0
-10	-40	4.0	6.0	1
-40	-10	6.0	8.0	0
-10	0	8.0	10.0	0
0	10	10.0	11.0	0
10	-10	11.0	12.0	0
-10	0	12.0	14.0	1
0	30	14.0	16.0	1
30	30	16.0	18.0	2
30	30	18.0	19.0	0
30	40	19.0	20.0	2
40	40	20.0	22.0	2
40	30	22.0	25.0	1
30	0	25.0	26.0	0
0	-20	26.0	28.0	2
-20	-10	28.0	29.0	1
-10	-20	29.0	31.0	1
-20	-30	31.0	32.0	1
-30	-20	32.0	34.0	2
-20	-20	34.0	37.0	0
-20	-20	37.0	40.0	2
-20	0	40.0	43.0	1
0	-20	43.0	44.0	2
-20	0	44.0	47.0	1
0	-20	47.0	49.0	2
-20	0	49.0	52.0	1
0	-20	52.0	53.0	0
-20	-20	53.0	54.0	0
-20	10	54.0	56.0	1
10	-20	56.0	58.0	0
-20	-10	58.0	61.0	0
-10	-20	61.0	62.0	0
-20	-40	62.0	64.0	1
-40	-10	64.0	67.0	1
-10	-20	67.0	68.0	1
-20	-20	68.0	70.0	2
-20	-20	70.0	72.0	1
-20	0	72.0	75.0	0
0	0	75.0	76.0	1
0	-20	76.0	78.0	2
-20	-10	78.0	81.0	1
-10	10	81.0	83.0	1
10	40	83.0	86.0	0
40	40	86.0	88.0	1
40	30	88.0	89.0	2
30	40	89.0	90.0	2
40	20	90.0	93.0	1
20	30	93.0	94.0	0
30	40	94.0	97.0	2
40	10	97.0	98.0	0
10	0	98.0	99.0	1
0	-20	99.0	102.0	0
-20	10	102.0	105.0	1
10	20	105.0	108.0	1
20	-10	108.0	111.0	0
-10	0	111.0	112.0	0
0	-10	112.0	115.0	1
-10	-20	115.0	116.0	0
-20	-40	116.0	117.0	0
-40	-40	117.0	118.0	2
-40	-40	118.0	121.0	1
-40	-20	121.0	123.0	2
-20	0	123.0	124.0	0
0	-20	124.0	127.0	0
-20	-30	127.0	128.0	0
-30	-30	128.0	129.0	0
-30	-10	129.0	132.0	0
-10	20	132.0	134.0	0
20	20	134.0	136.0	0
20	30	136.0	138.0	0
30	40	138.0	140.0	1
40	40	140.0	143.0	2
40	20	143.0	146.0	0
20	10	146.0	148.0	2
10	-10	148.0	149.0	2
-10	20	149.0	152.0	2
20	10	152.0	153.0	2
10	0	153.0	154.0	1
0	0	154.0	156.0	2
0	10	156.0	158.0	0
10	40	158.0	161.0	0
40	30	161.0	162.0	2
30	30	162.0	163.0	0
30	0	163.0	165.0	1
0	0	165.0	166.0	2
0	20	166.0	169.0	2
20	0	169.0	172.0	2
0	20	172.0	175.0	1
20	20	175.0	178.0	0
20	-10	178.0	179.0	1
-10	-20	179.0	180.0	2
-20	0	180.0	183.0	0
0	30	183.0	185.0	0
30	20	185.0	186.0	2
20	40	186.0	189.0	1
40	20	189.0	191.0	1
20	30	191.0	194.0	2
30	40	194.0	196.0	1
40	30	196.0	199.0	2
30	30	199.0	200.0	0
30	0	200.0	202.0	0
0	0	202.0	205.0	0
0	20	205.0	207.0	2
20	0	207.0	209.0	0
0	30	209.0	210.0	1
30	10	210.0	211.0	2
10	10	211.0	212.0	1
10	20	212.0	214.0	0
20	40	214.0	217.0	1
40	40	217.0	218.0	2
40	20	218.0	221.0	0
20	40	221.0	223.0	1
40	30	223.0	225.0	2
30	10	225.0	226.0	2
10	0	226.0	227.0	2
0	30	227.0	228.0	1
30	20	228.0	230.0	2
20	0	230.0	233.0	2
0	10	233.0	236.0	2
10	30	236.0	239.0	2
30	10	239.0	242.0	0
10	-20	242.0	243.0	2
-20	10	243.0	246.0	0
10	30	246.0	247.0	2
30	10	247.0	248.0	0
10	10	248.0	249.0	1
10	0	249.0	251.0	2
0	30	251.0	252.0	2
30	40	252.0	254.0	1
40	40	254.0	257.0	2
40	10	257.0	260.0	2
10	-20	260.0	263.0	2
-20	-30	263.0	264.0	0
-30	-30	264.0	265.0	2
-30	-40	265.0	268.0	1
-40	-10	268.0	270.0	2
-10	20	270.0	272.0	0
20	30	272.0	274.0	1
30	20	274.0	277.0	2
20	-10	277.0	279.0	2
-10	20	279.0	280.0	1
20	-10	280.0	281.0	2
-10	10	281.0	283.0	0
10	-20	283.0	286.0	1
-20	-10	286.0	289.0	0
-10	-30	289.0	291.0	1
-30	-10	291.0	294.0	0
-10	-10	294.0	297.0	0
