0	0	0	2.0	0
0	30	2.0	3.0	1
30	0	3.0	4.0	0
0	-20	4.0	5.0	0
-20	-20	5.0	6.0	0
-20	0	6.0	9.0	1
0	0	9.0	11.0	2
0	-10	11.0	12.0	2
-10	-10	12.0	14.0	1
-10	-20	14.0	15.0	2
-20	-30	15.0	18.0	2
-30	0	18.0	20.0	2
0	-10	20.0	23.0	1
-10	-20	23.0	24.0	0
-20	-20	24.0	25.0	1
-20	-10	25.0	27.0	2
-10	-20	27.0	28.0	0
-20	-40	28.0	31.0	2
-40	-10	31.0	32.0	0
-10	0	32.0	34.0	0
0	-10	34.0	37.0	2
-10	10	37.0	40.0	0
10	-20	40.0	42.0	1
-20	-10	42.0	45.0	0
-10	-10	45.0	46.0	0
-10	20	46.0	48.0	2
20	20	48.0	49.0	1
20	30	49.0	52.0	0
30	20	52.0	53.0	2
20	40	53.0	56.0	1
40	30	56.0	57.0	2
30	30	57.0	58.0	0
30	40	58.0	60.0	0
40	40	60.0	62.0	2
40	40	62.0	65.0	1
40	30	65.0	67.0	1
30	10	67.0	69.0	2
10	10	69.0	72.0	2
10	10	72.0	74.0	2
10	20	74.0	76.0	1
20	40	76.0	77.0	1
40	20	77.0	78.0	1
20	30	78.0	80.0	1
30	0	80.0	81.0	2
0	30	81.0	83.0	2
30	10	83.0	86.0	2
10	-20	86.0	88.0	0
-20	-10	88.0	90.0	1
-10	-20	90.0	91.0	2
-20	0	91.0	92.0	1
0	-10	92.0	94.0	1
-10	20	94.0	96.0	1
20	30	96.0	99.0	2
30	0	99.0	102.0	2
0	30	102.0	105.0	1
30	20	105.0	108.0	1
20	-10	108.0	109.0	0
-10	10	109.0	111.0	1
10	20	111.0	114.0	0
20	0	114.0	116.0	2
0	-20	116.0	118.0	1
-20	-10	118.0	121.0	0
-10	-10	121.0	122.0	1
-10	10	122.0	124.0	1
10	0	124.0	127.0	2
0	-20	127.0	128.0	1
-20	-30	128.0	130.0	1
-30	-30	130.0	132.0	0
-30	-30	132.0	135.0	0
-30	-10	135.0	136.0	1
-10	-30	136.0	138.0	0
-30	-20	138.0	141.0	1
-20	0	141.0	143.0	1
0	0	143.0	146.0	0
0	10	146.0	148.0	2
10	0	148.0	150.0	2
0	-10	150.0	153.0	1
-10	-40	153.0	154.0	1
-40	-30	154.0	156.0	0
-30	-30	156.0	159.0	2
-30	-10	159.0	162.0	2
-10	-20	162.0	165.0	2
-20	10	165.0	167.0	1
10	-10	167.0	170.0	0
-10	10	170.0	171.0	2
10	10	171.0	172.0	2
10	20	172.0	173.0	1
20	10	173.0	174.0	1
10	30	174.0	177.0	2
30	20	177.0	179.0	1
20	40	179.0	180.0	1
40	10	180.0	181.0	1
10	30	181.0	183.0	2
30	40	183.0	184.0	1
40	10	184.0	185.0	1
10	40	185.0	187.0	0
40	20	187.0	189.0	1
20	10	189.0	191.0	1
10	-10	191.0	193.0	1
-10	-20	193.0	194.0	1
-20	-20	194.0	196.0	2
-20	-10	196.0	199.0	1
-10	10	199.0	201.0	0
10	-10	201.0	203.0	0
-10	-10	203.0	204.0	0
-10	20	204.0	206.0	2
20	0	206.0	208.0	2
0	-10	208.0	211.0	2
-10	-20	211.0	212.0	2
-20	-10	212.0	215.0	1
-10	-20	215.0	217.0	1
-20	-40	217.0	218.0	1
-40	-10	218.0	219.0	0
-10	-40	219.0	220.0	0
-40	-10	220.0	221.0	0
-10	20	221.0	223.0	0
20	40	223.0	224.0	2
40	20	224.0	227.0	0
20	10	227.0	230.0	2
10	0	230.0	231.0	1
0	-20	231.0	234.0	1
-20	-40	234.0	235.0	2
-40	-20	235.0	236.0	1
-20	-30	236.0	238.0	1
-30	-40	238.0	241.0	1
-40	-20	241.0	242.0	0
-20	-30	242.0	245.0	2
-30	-10	245.0	247.0	2
-10	10	247.0	248.0	0
10	-10	248.0	251.0	0
-10	-30	251.0	253.0	0
-30	0	253.0	254.0	1
0	-10	254.0	256.0	2
-10	20	256.0	258.0	0
20	-10	258.0	260.0	0
-10	-30	260.0	261.0	0
-30	-20	261.0	263.0	1
-20	-20	263.0	264.0	1
-20	-40	264.0	266.0	0
-40	-20	266.0	267.0	0
-20	10	267.0	270.0	2
10	10	270.0	273.0	0
10	20	273.0	275.0	0
20	10	275.0	276.0	2
10	30	276.0	278.0	1
30	10	278.0	279.0	2
10	20	279.0	282.0	0
20	10	282.0	284.0	1
10	0	284.0	286.0	1
0	30	286.0	287.0	1
30	10	287.0	289.0	1
10	0	289.0	292.0	0
0	30	292.0	295.0	0
30	10	295.0	298.0	0
