0	0	0	2.0	0
0	-20	2.0	5.0	0
-20	-20	5.0	7.0	2
-20	10	7.0	9.0	0
10	-20	9.0	11.0	1
-20	-10	11.0	14.0	0
-10	20	14.0	15.0	2
20	30	15.0	18.0	1
30	20	18.0	21.0	1
20	-10	21.0	23.0	1
-10	-30	23.0	25.0	1
-30	-30	25.0	27.0	1
-30	-20	27.0	29.0	2
-20	-40	29.0	31.0	1
-40	-30	31.0	34.0	1
-30	-40	34.0	37.0	2
-40	-40	37.0	39.0	2
-40	-40	39.0	42.0	0
-40	-30	42.0	43.0	1
-30	-10	43.0	46.0	0
-10	0	46.0	48.0	0
0	20	48.0	51.0	2
20	-10	51.0	53.0	1
-10	0	53.0	54.0	0
0	0	54.0	56.0	0
0	-10	56.0	57.0	0
-10	10	57.0	59.0	2
10	10	59.0	62.0	1
10	30	62.0	65.0	0
30	30	65.0	68.0	0
30	10	68.0	69.0	2
10	-10	69.0	72.0	1
-10	-20	72.0	74.0	2
-20	-30	74.0	75.0	1
-30	-40	75.0	77.0	2
-40	-30	77.0	79.0	1
-30	0	79.0	80.0	0
0	20	80.0	82.0	2
20	10	82.0	83.0	0
10	40	83.0	86.0	1
40	10	86.0	87.0	2
10	30	87.0	88.0	0
30	20	88.0	89.0	0
20	20	89.0	90.0	2
20	40	90.0	93.0	0
40	40	93.0	96.0	1
40	10	96.0	97.0	1
10	20	97.0	100.0	2
20	-10	100.0	101.0	0
-10	20	101.0	104.0	1
20	40	104.0	105.0	0
40	10	105.0	106.0	2
10	20	106.0	107.0	1
20	30	107.0	109.0	2
30	30	109.0	111.0	0
30	20	111.0	114.0	0
20	20	114.0	116.0	2
20	10	116.0	117.0	0
10	30	117.0	120.0	0
30	10	120.0	123.0	0
10	-10	123.0	126.0	1
-10	0	126.0	127.0	0
0	10	127.0	129.0	2
10	-10	129.0	130.0	2
-10	0	130.0	131.0	0
0	30	131.0	132.0	0
30	20	132.0	133.0	1
20	0	133.0	135.0	1
0	0	135.0	137.0	1
0	30	137.0	138.0	2
30	30	138.0	141.0	0
30	30	141.0	143.0	0
30	40	143.0	146.0	2
40	20	146.0	149.0	1
20	20	149.0	151.0	2
20	-10	151.0	154.0	0
-10	20	154.0	156.0	0
20	20	156.0	157.0	0
20	-10	157.0	160.0	2
-10	0	160.0	163.0	2
0	-30	163.0	164.0	0
-30	0	164.0	166.0	1
0	30	166.0	169.0	0
30	20	169.0	171.0	0
20	20	171.0	174.0	1
20	40	174.0	177.0	2
40	10	177.0	178.0	0
10	10	178.0	179.0	0
10	-10	179.0	182.0	0
-10	-30	182.0	184.0	0
-30	-40	184.0	187.0	2
-40	-10	187.0	190.0	1
-10	10	190.0	192.0	2
10	20	192.0	193.0	1
20	30	193.0	194.0	0
30	10	194.0	196.0	2
10	40	196.0	198.0	2
40	30	198.0	199.0	1
30	10	199.0	201.0	1
10	20	201.0	203.0	2
20	40	203.0	204.0	1
40	40	204.0	205.0	0
40	30	205.0	207.0	1
30	0	207.0	209.0	0
0	30	209.0	212.0	2
30	10	212.0	213.0	1
10	10	213.0	215.0	2
10	0	215.0	217.0	2
0	10	217.0	219.0	2
10	10	219.0	221.0	2
10	30	221.0	223.0	0
30	40	223.0	225.0	1
40	20	225.0	228.0	0
20	10	228.0	230.0	0
10	30	230.0	232.0	2
30	0	232.0	233.0	2
0	-10	233.0	235.0	1
-10	10	235.0	238.0	0
10	20	238.0	239.0	2
20	10	239.0	242.0	1
10	20	242.0	245.0	0
20	-10	245.0	246.0	1
-10	-10	246.0	248.0	1
-10	-40	248.0	250.0	1
-40	-20	250.0	251.0	0
-20	10	251.0	253.0	0
10	40	253.0	255.0	1
40	40	255.0	257.0	0
40	30	257.0	260.0	0
30	30	260.0	263.0	2
30	40	263.0	266.0	2
40	20	266.0	267.0	2
20	0	267.0	268.0	0
0	10	268.0	269.0	2
10	10	269.0	272.0	2
10	40	272.0	274.0	0
40	10	274.0	275.0	1
10	-20	275.0	278.0	1
-20	-10	278.0	280.0	2
-10	20	280.0	282.0	0
20	0	282.0	285.0	1
0	-10	285.0	288.0	1
-10	-20	288.0	289.0	0
-20	0	289.0	292.0	1
0	10	292.0	293.0	2
10	10	293.0	296.0	2
10	30	296.0	297.0	2
30	40	297.0	299.0	1
