0	0	0	2.0	0
0	-20	2.0	4.0	0
-20	0	4.0	5.0	2
0	0	5.0	8.0	0
0	-10	8.0	10.0	2
-10	-30	10.0	11.0	1
-30	-20	11.0	12.0	2
-20	10	12.0	13.0	0
10	40	13.0	16.0	2
40	20	16.0	18.0	1
20	10	18.0	20.0	1
10	10	20.0	21.0	1
10	-20	21.0	23.0	1
-20	-20	23.0	26.0	1
-20	-30	26.0	28.0	0
-30	-30	28.0	30.0	0
-30	-10	30.0	31.0	0
-10	-40	31.0	32.0	1
-40	-10	32.0	33.0	0
-10	20	33.0	34.0	0
20	40	34.0	35.0	0
40	10	35.0	37.0	0
10	-10	37.0	39.0	2
-10	-40	39.0	42.0	2
-40	-30	42.0	43.0	2
-30	-10	43.0	45.0	1
-10	20	45.0	46.0	1
20	-10	46.0	49.0	2
-10	20	49.0	50.0	2
20	10	50.0	53.0	0
10	20	53.0	55.0	1
20	-10	55.0	58.0	2
-10	-30	58.0	61.0	0
-30	-10	61.0	63.0	1
-10	0	63.0	64.0	0
0	20	64.0	65.0	1
20	40	65.0	68.0	0
40	40	68.0	69.0	1
40	20	69.0	71.0	2
20	10	71.0	73.0	1
10	20	73.0	76.0	1
20	30	76.0	78.0	1
30	30	78.0	81.0	1
30	40	81.0	82.0	1
40	30	82.0	85.0	2
30	10	85.0	86.0	2
10	30	86.0	89.0	0
30	0	89.0	91.0	1
0	-20	91.0	92.0	2
-20	-10	92.0	95.0	0
-10	-30	95.0	98.0	2
-30	-10	98.0	100.0	0
-10	-10	100.0	102.0	0
-10	-30	102.0	104.0	2
-30	0	104.0	107.0	2
0	30	107.0	109.0	1
30	40	109.0	110.0	0
40	40	110.0	112.0	1
40	30	112.0	115.0	2
30	0	115.0	118.0	1
0	20	118.0	119.0	0
20	30	119.0	120.0	1
30	20	120.0	123.0	0
20	10	123.0	126.0	1
10	0	126.0	129.0	1
0	0	129.0	132.0	0
0	20	132.0	134.0	2
20	-10	134.0	137.0	0
-10	10	137.0	139.0	1
10	30	139.0	142.0	1
30	10	142.0	143.0	0
10	10	143.0	145.0	2
10	0	145.0	146.0	1
0	-10	146.0	148.0	2
-10	10	148.0	150.0	1
10	30	150.0	152.0	0
30	20	152.0	153.0	2
20	40	153.0	156.0	2
40	40	156.0	158.0	1
40	20	158.0	160.0	1
20	-10	160.0	162.0	0
-10	-40	162.0	163.0	2
-40	-40	163.0	166.0	0
-40	-40	166.0	167.0	0
-40	-10	167.0	168.0	0
-10	10	168.0	171.0	2
10	10	171.0	172.0	1
10	30	172.0	174.0	0
30	0	174.0	176.0	0
0	30	176.0	179.0	0
30	10	179.0	182.0	0
10	0	182.0	185.0	1
0	30	185.0	187.0	1
30	0	187.0	189.0	2
0	30	189.0	191.0	0
30	10	191.0	192.0	1
10	-10	192.0	195.0	0
-10	-10	195.0	198.0	1
-10	-40	198.0	200.0	1
-40	-30	200.0	201.0	0
-30	0	201.0	204.0	0
0	-10	204.0	206.0	1
-10	-30	206.0	209.0	0
-30	-40	209.0	211.0	0
-40	-10	211.0	213.0	2
-10	0	213.0	215.0	2
0	0	215.0	217.0	1
0	20	217.0	218.0	0
20	20	218.0	219.0	1
20	40	219.0	221.0	2
40	40	221.0	224.0	1
40	20	224.0	227.0	0
20	-10	227.0	228.0	0
-10	-40	228.0	231.0	0
-40	-40	231.0	232.0	0
-40	-10	232.0	234.0	1
-10	-30	234.0	237.0	0
-30	0	237.0	238.0	1
0	0	238.0	239.0	1
0	30	239.0	241.0	2
30	10	241.0	243.0	0
10	20	243.0	246.0	1
20	30	246.0	247.0	0
30	30	247.0	250.0	1
30	0	250.0	252.0	0
0	-10	252.0	253.0	1
-10	-10	253.0	254.0	1
-10	-10	254.0	256.0	1
-10	-40	256.0	259.0	0
-40	-20	259.0	261.0	0
-20	-20	261.0	263.0	0
-20	-40	263.0	265.0	2
-40	-20	265.0	266.0	0
-20	-30	266.0	268.0	1
-30	-30	268.0	271.0	1
-30	-30	271.0	273.0	2
-30	-40	273.0	276.0	0
-40	-10	276.0	278.0	2
-10	0	278.0	281.0	0
0	20	281.0	282.0	0
20	-10	282.0	283.0	1
-10	20	283.0	285.0	0
20	0	285.0	287.0	2
0	10	287.0	288.0	0
10	40	288.0	291.0	0
40	20	291.0	293.0	1
20	-10	293.0	296.0	0
-10	-40	296.0	297.0	2
-40	-10	297.0	298.0	1
