0	0	0	2.0	0
0	0	2.0	4.0	2
0	-30	4.0	6.0	2
-30	-30	6.0	7.0	0
-30	-10	7.0	9.0	2
-10	-30	9.0	12.0	0
-30	0	12.0	13.0	2
0	-20	13.0	16.0	2
-20	0	16.0	19.0	0
0	-30	19.0	22.0	0
-30	-20	22.0	24.0	2
-20	-10	24.0	25.0	0
-10	20	25.0	28.0	2
20	10	28.0	30.0	1
10	-10	30.0	31.0	2
-10	-10	31.0	32.0	0
-10	-40	32.0	33.0	0
-40	-10	33.0	36.0	0
-10	-30	36.0	39.0	1
-30	0	39.0	41.0	2
0	-30	41.0	44.0	0
-30	-30	44.0	46.0	0
-30	0	46.0	47.0	1
0	30	47.0	49.0	2
30	0	49.0	51.0	2
0	-30	51.0	54.0	0
-30	-10	54.0	57.0	0
-10	20	57.0	58.0	1
20	10	58.0	61.0	2
10	40	61.0	64.0	0
40	30	64.0	67.0	0
30	10	67.0	68.0	0
10	20	68.0	71.0	1
20	30	71.0	74.0	0
30	40	74.0	77.0	1
40	30	77.0	80.0	0
30	0	80.0	82.0	2
0	30	82.0	85.0	1
30	40	85.0	87.0	0
40	40	87.0	90.0	2
40	40	90.0	91.0	0
40	10	91.0	93.0	2
10	10	93.0	95.0	0
10	30	95.0	97.0	1
30	0	97.0	99.0	1
0	20	99.0	102.0	2
20	0	102.0	103.0	0
0	20	103.0	105.0	1
20	30	105.0	108.0	1
30	10	108.0	110.0	0
10	30	110.0	113.0	1
30	30	113.0	116.0	1
30	0	116.0	119.0	2
0	20	119.0	121.0	0
20	10	121.0	122.0	1
10	20	122.0	124.0	2
20	30	124.0	127.0	2
30	0	127.0	130.0	0
0	-10	130.0	131.0	0
-10	-40	131.0	133.0	2
-40	-40	133.0	136.0	0
-40	-30	136.0	139.0	0
-30	0	139.0	140.0	1
0	20	140.0	142.0	2
20	-10	142.0	145.0	1
-10	-10	145.0	148.0	1
-10	-40	148.0	150.0	2
-40	-40	150.0	151.0	1
-40	-40	151.0	152.0	2
-40	-20	152.0	155.0	2
-20	-20	155.0	158.0	1
-20	10	158.0	161.0	0
10	-10	161.0	164.0	2
-10	-20	164.0	167.0	0
-20	0	167.0	170.0	2
0	30	170.0	173.0	1
30	20	173.0	175.0	0
20	-10	175.0	178.0	0
-10	-30	178.0	180.0	0
-30	0	180.0	183.0	2
0	10	183.0	184.0	1
10	0	184.0	186.0	2
0	10	186.0	189.0	1
10	30	189.0	190.0	0
30	10	190.0	193.0	2
10	40	193.0	195.0	2
40	30	195.0	196.0	0
30	10	196.0	197.0	1
10	0	197.0	200.0	1
0	-10	200.0	201.0	2
-10	-30	201.0	204.0	2
-30	-40	204.0	205.0	0
-40	-30	205.0	207.0	2
-30	-20	207.0	209.0	1
-20	-20	209.0	211.0	1
-20	-20	211.0	214.0	2
-20	-30	214.0	215.0	0
-30	-10	215.0	218.0	2
-10	10	218.0	219.0	0
10	-20	219.0	220.0	0
-20	-20	220.0	221.0	1
-20	10	221.0	224.0	2
10	0	224.0	227.0	0
0	20	227.0	229.0	2
20	10	229.0	232.0	0
10	-10	232.0	233.0	2
-10	20	233.0	235.0	2
20	30	235.0	237.0	2
30	30	237.0	239.0	0
30	30	239.0	242.0	1
30	20	242.0	244.0	0
20	20	244.0	245.0	0
20	10	245.0	248.0	0
10	-10	248.0	250.0	0
-10	-40	250.0	253.0	2
-40	-10	253.0	256.0	0
-10	-30	256.0	259.0	1
-30	0	259.0	260.0	2
0	30	260.0	263.0	1
30	0	263.0	264.0	0
0	10	264.0	265.0	0
10	40	265.0	267.0	1
40	40	267.0	270.0	0
40	10	270.0	272.0	0
10	20	272.0	274.0	2
20	-10	274.0	277.0	1
-10	-30	277.0	279.0	1
-30	-40	279.0	282.0	1
-40	-30	282.0	283.0	1
-30	-30	283.0	284.0	2
-30	-20	284.0	285.0	1
-20	-10	285.0	288.0	2
-10	-40	288.0	290.0	0
-40	-10	290.0	291.0	2
-10	-30	291.0	293.0	0
-30	-40	293.0	294.0	1
-40	-10	294.0	297.0	0
