0	0	0	2.0	0
0	-10	2.0	5.0	0
-10	20	5.0	7.0	0
20	30	7.0	8.0	2
30	10	8.0	9.0	2
10	10	9.0	11.0	0
10	10	11.0	14.0	1
10	-20	14.0	16.0	2
-20	10	16.0	19.0	2
10	-10	19.0	20.0	1
-10	10	20.0	22.0	0
10	40	22.0	25.0	2
40	40	25.0	27.0	0
40	40	27.0	30.0	0
40	20	30.0	33.0	0
20	30	33.0	34.0	2
30	10	34.0	35.0	0
10	-20	35.0	38.0	1
-20	-10	38.0	40.0	1
-10	-30	40.0	41.0	2
-30	0	41.0	44.0	2
0	-30	44.0	47.0	0
-30	-10	47.0	48.0	1
-10	0	48.0	50.0	2
0	10	50.0	51.0	1
10	-20	51.0	54.0	1
-20	-20	54.0	55.0	0
-20	-10	55.0	58.0	0
-10	20	58.0	59.0	0
20	40	59.0	62.0	1
40	30	62.0	64.0	2
30	30	64.0	67.0	1
30	0	67.0	68.0	2
0	30	68.0	71.0	2
30	40	71.0	73.0	1
40	20	73.0	74.0	2
20	-10	74.0	76.0	0
-10	-30	76.0	77.0	0
-30	-10	77.0	78.0	1
-10	20	78.0	80.0	0
20	-10	80.0	81.0	0
-10	-40	81.0	84.0	0
-40	-10	84.0	87.0	0
-10	20	87.0	88.0	1
20	20	88.0	91.0	1
20	10	91.0	94.0	2
10	-10	94.0	97.0	1
-10	0	97.0	98.0	2
0	30	98.0	99.0	0
30	20	99.0	101.0	2
20	0	101.0	102.0	1
0	10	102.0	104.0	0
10	40	104.0	105.0	1
40	10	105.0	106.0	1
10	10	106.0	107.0	1
10	-20	107.0	109.0	1
-20	-40	109.0	112.0	0
-40	-10	112.0	114.0	2
-10	-20	114.0	116.0	2
-20	0	116.0	117.0	2
0	-30	117.0	119.0	0
-30	-20	119.0	120.0	0
-20	-20	120.0	122.0	2
-20	0	122.0	125.0	1
0	-10	125.0	128.0	0
-10	-10	128.0	131.0	2
-10	-10	131.0	132.0	0
-10	-40	132.0	133.0	2
-40	-40	133.0	135.0	2
-40	-30	135.0	138.0	2
-30	-30	138.0	139.0	1
-30	-10	139.0	141.0	0
-10	20	141.0	144.0	1
20	30	144.0	147.0	1
30	0	147.0	148.0	0
0	-10	148.0	151.0	1
-10	-20	151.0	154.0	1
-20	-40	154.0	155.0	1
-40	-30	155.0	157.0	1
-30	0	157.0	160.0	1
0	0	160.0	162.0	0
0	10	162.0	165.0	2
10	-20	165.0	167.0	2
-20	0	167.0	170.0	2
0	-20	170.0	173.0	1
-20	-30	173.0	175.0	0
-30	-20	175.0	176.0	0
-20	10	176.0	179.0	0
10	20	179.0	181.0	2
20	30	181.0	184.0	2
30	40	184.0	186.0	2
40	30	186.0	187.0	1
30	10	187.0	188.0	0
10	20	188.0	190.0	1
20	0	190.0	191.0	0
0	20	191.0	193.0	0
20	0	193.0	196.0	2
0	10	196.0	197.0	2
10	40	197.0	199.0	0
40	40	199.0	200.0	2
40	30	200.0	202.0	1
30	20	202.0	203.0	1
20	30	203.0	206.0	2
30	10	206.0	209.0	0
10	40	209.0	211.0	2
40	30	211.0	214.0	0
30	40	214.0	216.0	0
40	40	216.0	218.0	2
40	10	218.0	220.0	0
10	40	220.0	221.0	0
40	20	221.0	222.0	1
20	10	222.0	224.0	0
10	-10	224.0	225.0	0
-10	0	225.0	228.0	0
0	-30	228.0	230.0	0
-30	-40	230.0	233.0	2
-40	-40	233.0	236.0	1
-40	-10	236.0	237.0	0
-10	-30	237.0	238.0	2
-30	-20	238.0	240.0	2
-20	-40	240.0	242.0	1
-40	-10	242.0	244.0	2
-10	-20	244.0	247.0	0
-20	-20	247.0	248.0	2
-20	10	248.0	251.0	0
10	20	251.0	253.0	2
20	40	253.0	256.0	1
40	40	256.0	259.0	1
40	20	259.0	261.0	0
20	20	261.0	264.0	1
20	30	264.0	265.0	1
30	0	265.0	267.0	0
0	-30	267.0	269.0	1
-30	0	269.0	272.0	1
0	30	272.0	273.0	1
30	30	273.0	274.0	0
30	0	274.0	275.0	1
0	0	275.0	278.0	0
0	30	278.0	281.0	2
30	40	281.0	284.0	2
40	30	284.0	286.0	2
30	0	286.0	289.0	2
0	30	289.0	291.0	0
30	0	291.0	293.0	1
0	10	293.0	295.0	1
10	-20	295.0	296.0	1
-20	-20	296.0	297.0	0
-20	0	297.0	299.0	0
