0	0	0	2.0	0
0	20	2.0	4.0	0
20	10	4.0	5.0	0
10	20	5.0	8.0	1
20	-10	8.0	11.0	0
-10	-30	11.0	12.0	2
-30	-30	12.0	13.0	0
-30	-20	13.0	15.0	1
-20	-40	15.0	18.0	0
-40	-20	18.0	21.0	1
-20	10	21.0	23.0	1
10	10	23.0	26.0	0
10	20	26.0	28.0	1
20	30	28.0	29.0	1
30	30	29.0	32.0	1
30	10	32.0	35.0	1
10	-10	35.0	38.0	0
-10	10	38.0	41.0	0
10	0	41.0	42.0	0
0	20	42.0	43.0	0
20	40	43.0	45.0	1
40	10	45.0	47.0	2
10	-10	47.0	48.0	2
-10	-20	48.0	51.0	0
-20	-30	51.0	53.0	1
-30	-40	53.0	54.0	0
-40	-30	54.0	57.0	2
-30	-10	57.0	58.0	0
-10	-10	58.0	59.0	0
-10	-20	59.0	62.0	0
-20	-40	62.0	63.0	0
-40	-10	63.0	65.0	1
-10	-10	65.0	68.0	1
-10	-10	68.0	71.0	1
-10	10	71.0	74.0	0
10	10	74.0	75.0	1
10	-10	75.0	76.0	2
-10	-10	76.0	77.0	0
-10	0	77.0	79.0	2
0	-10	79.0	81.0	0
-10	-20	81.0	82.0	1
-20	-30	82.0	83.0	2
-30	-30	83.0	86.0	1
-30	-40	86.0	88.0	0
-40	-10	88.0	89.0	1
-10	0	89.0	91.0	1
0	30	91.0	92.0	1
30	40	92.0	94.0	0
40	40	94.0	96.0	0
40	20	96.0	97.0	2
20	0	97.0	99.0	0
0	30	99.0	100.0	0
30	10	100.0	103.0	2
10	10	103.0	106.0	0
10	40	106.0	109.0	2
40	10	109.0	110.0	0
10	-10	110.0	113.0	1
-10	-10	113.0	115.0	2
-10	-20	115.0	118.0	2
-20	10	118.0	120.0	2
10	0	120.0	122.0	2
0	-30	122.0	124.0	0
-30	-10	124.0	125.0	0
-10	-20	125.0	128.0	1
-20	-40	128.0	130.0	1
-40	-20	130.0	133.0	0
-20	-10	133.0	136.0	2
-10	10	136.0	139.0	1
10	20	139.0	142.0	0
20	10	142.0	144.0	2
10	-20	144.0	145.0	2
-20	-40	145.0	147.0	0
-40	-30	147.0	150.0	0
-30	-20	150.0	151.0	1
-20	-10	151.0	153.0	0
-10	20	153.0	155.0	0
20	0	155.0	156.0	0
0	30	156.0	159.0	0
30	30	159.0	161.0	0
30	20	161.0	164.0	2
20	20	164.0	165.0	0
20	20	165.0	168.0	1
20	-10	168.0	170.0	0
-10	-10	170.0	173.0	0
-10	-10	173.0	176.0	2
-10	0	176.0	179.0	2
0	20	179.0	182.0	0
20	10	182.0	183.0	2
10	-10	183.0	185.0	0
-10	10	185.0	188.0	0
10	30	188.0	189.0	2
30	10	189.0	190.0	0
10	30	190.0	193.0	0
30	30	193.0	195.0	1
30	30	195.0	197.0	0
30	0	197.0	200.0	0
0	-30	200.0	202.0	1
-30	0	202.0	205.0	2
0	-20	205.0	206.0	2
-20	-40	206.0	207.0	2
-40	-30	207.0	209.0	0
-30	-20	209.0	211.0	1
-20	-30	211.0	214.0	0
-30	-40	214.0	217.0	1
-40	-10	217.0	218.0	0
-10	-30	218.0	221.0	2
-30	-40	221.0	222.0	1
-40	-10	222.0	223.0	0
-10	20	223.0	225.0	0
20	-10	225.0	226.0	0
-10	-40	226.0	229.0	1
-40	-20	229.0	232.0	1
-20	0	232.0	235.0	1
0	-30	235.0	236.0	1
-30	-10	236.0	238.0	2
-10	20	238.0	240.0	0
20	0	240.0	243.0	2
0	0	243.0	245.0	2
0	20	245.0	247.0	0
20	40	247.0	250.0	1
40	20	250.0	253.0	1
20	-10	253.0	255.0	0
-10	10	255.0	258.0	1
10	-10	258.0	259.0	2
-10	-10	259.0	260.0	2
-10	0	260.0	262.0	1
0	-20	262.0	265.0	2
-20	0	265.0	266.0	1
0	10	266.0	268.0	2
10	40	268.0	271.0	0
40	10	271.0	273.0	1
10	30	273.0	276.0	0
30	30	276.0	278.0	0
30	20	278.0	279.0	0
20	30	279.0	280.0	2
30	20	280.0	283.0	1
20	30	283.0	284.0	2
30	40	284.0	285.0	2
40	10	285.0	287.0	1
10	40	287.0	288.0	0
40	30	288.0	290.0	1
30	10	290.0	292.0	2
10	40	292.0	293.0	2
40	20	293.0	296.0	2
20	-10	296.0	297.0	2
-10	-10	297.0	298.0	1
