0	0	0	2.0	0
0	0	2.0	3.0	2
0	-10	3.0	4.0	1
-10	20	4.0	5.0	2
20	20	5.0	8.0	0
20	20	8.0	10.0	1
20	40	10.0	12.0	2
40	20	12.0	15.0	2
20	20	15.0	18.0	2
20	40	18.0	21.0	1
40	20	21.0	24.0	2
20	30	24.0	25.0	1
30	20	25.0	27.0	1
20	-10	27.0	30.0	0
-10	0	30.0	32.0	2
0	10	32.0	35.0	1
10	10	35.0	36.0	1
10	30	36.0	38.0	2
30	30	38.0	40.0	1
30	10	40.0	41.0	1
10	-10	41.0	42.0	2
-10	0	42.0	45.0	2
0	-30	45.0	48.0	0
-30	-30	48.0	51.0	0
-30	-10	51.0	53.0	1
-10	0	53.0	54.0	2
0	10	54.0	57.0	2
10	0	57.0	59.0	1
0	-20	59.0	60.0	1
-20	-10	60.0	63.0	0
-10	0	63.0	65.0	1
0	20	65.0	67.0	2
20	0	67.0	69.0	0
0	-20	69.0	72.0	1
-20	-20	72.0	73.0	1
-20	-30	73.0	74.0	0
-30	-20	74.0	75.0	1
-20	-10	75.0	77.0	0
-10	-30	77.0	80.0	0
-30	-30	80.0	82.0	0
-30	0	82.0	85.0	0
0	-10	85.0	87.0	1
-10	-20	87.0	89.0	2
-20	10	89.0	90.0	0
10	0	90.0	93.0	1
0	10	93.0	96.0	1
10	-20	96.0	98.0	0
-20	-40	98.0	100.0	1
-40	-20	100.0	103.0	1
-20	0	103.0	106.0	1
0	10	106.0	108.0	2
10	0	108.0	109.0	2
0	0	109.0	110.0	1
0	-30	110.0	113.0	0
-30	0	113.0	116.0	1
0	-30	116.0	119.0	1
-30	-10	119.0	121.0	2
-10	-40	121.0	123.0	0
-40	-30	123.0	124.0	2
-30	-40	124.0	126.0	1
-40	-40	126.0	127.0	2
-40	-20	127.0	130.0	1
-20	-10	130.0	133.0	0
-10	-40	133.0	135.0	1
-40	-30	135.0	138.0	1
-30	-30	138.0	140.0	2
-30	-40	140.0	142.0	0
-40	-20	142.0	143.0	1
-20	10	143.0	144.0	0
10	30	144.0	147.0	2
30	10	147.0	150.0	1
10	20	150.0	153.0	0
20	40	153.0	155.0	1
40	10	155.0	158.0	0
10	20	158.0	159.0	0
20	10	159.0	162.0	0
10	20	162.0	163.0	2
20	0	163.0	165.0	1
0	-20	165.0	168.0	0
-20	-10	168.0	171.0	0
-10	20	171.0	172.0	1
20	-10	172.0	174.0	2
-10	-20	174.0	176.0	2
-20	10	176.0	178.0	2
10	40	178.0	179.0	2
40	40	179.0	180.0	1
40	30	180.0	181.0	2
30	40	181.0	184.0	0
40	20	184.0	187.0	2
20	30	187.0	188.0	2
30	0	188.0	190.0	1
0	0	190.0	192.0	1
0	-30	192.0	194.0	0
-30	-40	194.0	195.0	1
-40	-40	195.0	198.0	0
-40	-30	198.0	201.0	2
-30	-40	201.0	203.0	2
-40	-10	203.0	205.0	1
-10	-20	205.0	206.0	0
-20	-20	206.0	208.0	1
-20	-40	208.0	209.0	1
-40	-20	209.0	210.0	0
-20	-20	210.0	212.0	2
-20	-30	212.0	214.0	1
-30	0	214.0	217.0	2
0	30	217.0	219.0	2
30	30	219.0	220.0	0
30	40	220.0	222.0	2
40	30	222.0	223.0	0
30	30	223.0	225.0	2
30	0	225.0	226.0	2
0	-10	226.0	229.0	1
-10	-20	229.0	230.0	0
-20	10	230.0	232.0	2
10	40	232.0	235.0	2
40	40	235.0	237.0	0
40	30	237.0	238.0	0
30	0	238.0	240.0	1
0	-10	240.0	242.0	2
-10	-40	242.0	244.0	2
-40	-20	244.0	247.0	2
-20	-20	247.0	248.0	1
-20	-40	248.0	251.0	2
-40	-30	251.0	252.0	1
-30	0	252.0	254.0	0
0	20	254.0	257.0	1
20	-10	257.0	259.0	0
-10	0	259.0	260.0	1
0	10	260.0	263.0	0
10	20	263.0	265.0	0
20	30	265.0	266.0	0
30	30	266.0	269.0	1
30	10	269.0	271.0	0
10	10	271.0	273.0	0
10	-20	273.0	274.0	1
-20	-30	274.0	276.0	0
-30	-10	276.0	277.0	1
-10	0	277.0	279.0	0
0	30	279.0	280.0	2
30	10	280.0	283.0	2
10	40	283.0	286.0	1
40	40	286.0	289.0	0
40	40	289.0	292.0	2
40	20	292.0	295.0	1
20	20	295.0	297.0	0
20	0	297.0	298.0	2
0	30	298.0	299.0	1
