0	0	0	2.0	0
0	10	2.0	5.0	1
10	30	5.0	8.0	2
30	40	8.0	10.0	1
40	40	10.0	12.0	2
40	20	12.0	14.0	2
20	0	14.0	15.0	1
0	0	15.0	17.0	0
0	30	17.0	18.0	0
30	30	18.0	19.0	2
30	10	19.0	20.0	2
10	40	20.0	23.0	1
40	40	23.0	24.0	0
40	30	24.0	27.0	1
30	0	27.0	30.0	2
0	-10	30.0	33.0	1
-10	-40	33.0	34.0	1
-40	-40	34.0	37.0	0
-40	-20	37.0	38.0	2
-20	10	38.0	39.0	2
10	-20	39.0	41.0	0
-20	-10	41.0	44.0	1
-10	0	44.0	45.0	0
0	20	45.0	48.0	0
20	40	48.0	49.0	0
40	10	49.0	52.0	2
10	0	52.0	54.0	2
0	-20	54.0	56.0	2
-20	10	56.0	57.0	2
10	20	57.0	58.0	2
20	-10	58.0	61.0	2
-10	-40	61.0	62.0	0
-40	-20	62.0	64.0	1
-20	-10	64.0	67.0	2
-10	-40	67.0	70.0	1
-40	-40	70.0	73.0	2
-40	-20	73.0	75.0	2
-20	10	75.0	78.0	1
10	20	78.0	80.0	0
20	-10	80.0	82.0	0
-10	0	82.0	84.0	1
0	-30	84.0	85.0	0
-30	0	85.0	87.0	0
0	20	87.0	88.0	2
20	0	88.0	89.0	1
0	-10	89.0	91.0	1
-10	0	91.0	93.0	0
0	10	93.0	95.0	2
10	40	95.0	97.0	1
40	40	97.0	99.0	1
40	30	99.0	101.0	2
30	20	101.0	103.0	2
20	10	103.0	106.0	0
10	-20	106.0	107.0	1
-20	-40	107.0	108.0	0
-40	-10	108.0	110.0	2
-10	-10	110.0	113.0	2
-10	-30	113.0	115.0	1
-30	-40	115.0	118.0	1
-40	-40	118.0	120.0	0
-40	-20	120.0	121.0	0
-20	-30	121.0	123.0	0
-30	-20	123.0	126.0	0
-20	-40	126.0	129.0	2
-40	-10	129.0	131.0	0
-10	-20	131.0	132.0	2
-20	0	132.0	134.0	1
0	20	134.0	136.0	1
20	40	136.0	138.0	2
40	20	138.0	141.0	2
20	20	141.0	144.0	2
20	0	144.0	145.0	1
0	10	145.0	146.0	1
10	0	146.0	148.0	2
0	-30	148.0	149.0	1
-30	0	149.0	151.0	0
0	20	151.0	152.0	0
20	-10	152.0	155.0	2
-10	-10	155.0	158.0	2
-10	-10	158.0	161.0	0
-10	-10	161.0	162.0	0
-10	10	162.0	163.0	1
10	-20	163.0	166.0	1
-20	-30	166.0	169.0	2
-30	-40	169.0	171.0	2
-40	-10	171.0	172.0	1
-10	-40	172.0	174.0	0
-40	-40	174.0	175.0	2
-40	-10	175.0	176.0	2
-10	-40	176.0	177.0	1
-40	-10	177.0	178.0	0
-10	-40	178.0	180.0	1
-40	-40	180.0	182.0	0
-40	-30	182.0	185.0	2
-30	-40	185.0	187.0	1
-40	-40	187.0	190.0	2
-40	-20	190.0	192.0	2
-20	10	192.0	194.0	1
10	40	194.0	197.0	1
40	10	197.0	200.0	0
10	40	200.0	202.0	2
40	40	202.0	205.0	1
40	40	205.0	206.0	1
40	40	206.0	209.0	0
40	10	209.0	210.0	0
10	-20	210.0	212.0	0
-20	-40	212.0	215.0	0
-40	-10	215.0	217.0	2
-10	-40	217.0	218.0	1
-40	-10	218.0	221.0	1
-10	20	221.0	222.0	1
20	0	222.0	223.0	0
0	20	223.0	226.0	1
20	10	226.0	229.0	2
10	-10	229.0	232.0	0
-10	-40	232.0	235.0	2
-40	-10	235.0	238.0	2
-10	10	238.0	240.0	1
10	10	240.0	243.0	1
10	0	243.0	244.0	1
0	0	244.0	246.0	0
0	0	246.0	249.0	1
0	-30	249.0	251.0	2
-30	-40	251.0	253.0	0
-40	-10	253.0	255.0	0
-10	20	255.0	257.0	1
20	10	257.0	260.0	1
10	20	260.0	261.0	1
20	20	261.0	262.0	2
20	10	262.0	265.0	1
10	-10	265.0	266.0	2
-10	-40	266.0	269.0	0
-40	-30	269.0	271.0	0
-30	-20	271.0	272.0	0
-20	10	272.0	274.0	2
10	40	274.0	276.0	0
40	30	276.0	277.0	2
30	30	277.0	279.0	1
30	0	279.0	280.0	0
0	10	280.0	281.0	2
10	10	281.0	283.0	2
10	40	283.0	286.0	1
40	40	286.0	288.0	0
40	10	288.0	290.0	0
10	30	290.0	293.0	0
30	40	293.0	296.0	0
40	20	296.0	298.0	2
