0	0	0	2.0	0
0	-10	2.0	3.0	1
-10	-10	3.0	4.0	2
-10	-30	4.0	6.0	1
-30	-30	6.0	8.0	1
-30	0	8.0	10.0	2
0	-20	10.0	13.0	1
-20	-40	13.0	15.0	0
-40	-20	15.0	18.0	2
-20	-20	18.0	19.0	1
-20	-10	19.0	20.0	2
-10	-20	20.0	23.0	2
-20	-30	23.0	24.0	2
-30	-40	24.0	25.0	1
-40	-30	25.0	27.0	0
-30	-20	27.0	29.0	0
-20	-40	29.0	30.0	2
-40	-30	30.0	31.0	2
-30	-30	31.0	34.0	1
-30	-30	34.0	36.0	1
-30	-10	36.0	39.0	2
-10	-20	39.0	41.0	1
-20	-40	41.0	44.0	1
-40	-10	44.0	46.0	2
-10	-30	46.0	49.0	2
-30	-40	49.0	51.0	2
-40	-40	51.0	54.0	2
-40	-40	54.0	55.0	1
-40	-30	55.0	56.0	0
-30	-10	56.0	58.0	1
-10	-20	58.0	61.0	1
-20	10	61.0	63.0	2
10	-10	63.0	65.0	1
-10	20	65.0	68.0	2
20	0	68.0	69.0	1
0	-30	69.0	70.0	1
-30	0	70.0	71.0	2
0	10	71.0	72.0	1
10	0	72.0	73.0	1
0	10	73.0	74.0	0
10	-20	74.0	76.0	0
-20	10	76.0	79.0	0
10	30	79.0	81.0	2
30	0	81.0	83.0	2
0	10	83.0	85.0	2
10	20	85.0	87.0	0
20	10	87.0	90.0	1
10	40	90.0	91.0	2
40	30	91.0	93.0	2
30	10	93.0	95.0	1
10	30	95.0	97.0	2
30	10	97.0	98.0	2
10	40	98.0	99.0	2
40	20	99.0	101.0	0
20	0	101.0	102.0	1
0	30	102.0	105.0	0
30	30	105.0	107.0	0
30	40	107.0	108.0	2
40	30	108.0	109.0	2
30	0	109.0	112.0	2
0	-20	112.0	113.0	1
-20	-10	113.0	114.0	2
-10	-20	114.0	117.0	2
-20	-40	117.0	120.0	2
-40	-30	120.0	122.0	2
-30	-10	122.0	123.0	1
-10	-30	123.0	125.0	0
-30	-20	125.0	126.0	2
-20	-20	126.0	127.0	0
-20	10	127.0	128.0	0
10	30	128.0	131.0	1
30	20	131.0	133.0	1
20	0	133.0	135.0	1
0	-10	135.0	136.0	0
-10	20	136.0	138.0	0
20	20	138.0	140.0	0
20	10	140.0	143.0	2
10	20	143.0	144.0	2
20	-10	144.0	145.0	1
-10	-10	145.0	146.0	2
-10	10	146.0	148.0	1
10	30	148.0	151.0	0
30	10	151.0	154.0	2
10	-10	154.0	155.0	2
-10	-20	155.0	156.0	2
-20	-20	156.0	157.0	2
-20	10	157.0	158.0	1
10	40	158.0	159.0	1
40	30	159.0	162.0	0
30	40	162.0	163.0	2
40	20	163.0	165.0	0
20	30	165.0	166.0	0
30	0	166.0	169.0	2
0	10	169.0	172.0	0
10	40	172.0	173.0	0
40	10	173.0	174.0	2
10	40	174.0	177.0	1
40	30	177.0	180.0	1
30	40	180.0	181.0	2
40	10	181.0	184.0	1
10	10	184.0	187.0	0
10	10	187.0	189.0	2
10	-20	189.0	190.0	1
-20	10	190.0	192.0	1
10	30	192.0	195.0	0
30	10	195.0	197.0	1
10	-20	197.0	198.0	2
-20	-20	198.0	199.0	2
-20	-30	199.0	201.0	2
-30	-10	201.0	202.0	2
-10	-20	202.0	204.0	1
-20	-30	204.0	207.0	0
-30	-30	207.0	210.0	2
-30	-30	210.0	212.0	1
-30	-10	212.0	215.0	0
-10	-20	215.0	217.0	1
-20	-10	217.0	219.0	2
-10	0	219.0	220.0	2
0	20	220.0	223.0	0
20	30	223.0	225.0	2
30	30	225.0	226.0	1
30	20	226.0	228.0	0
20	10	228.0	229.0	1
10	20	229.0	232.0	0
20	0	232.0	234.0	2
0	-10	234.0	236.0	2
-10	10	236.0	237.0	1
10	10	237.0	239.0	2
10	-20	239.0	240.0	1
-20	0	240.0	243.0	0
0	-30	243.0	244.0	2
-30	-10	244.0	247.0	1
-10	-30	247.0	248.0	0
-30	-20	248.0	251.0	2
-20	-20	251.0	252.0	0
-20	-10	252.0	255.0	2
-10	0	255.0	258.0	1
0	-30	258.0	260.0	1
-30	-30	260.0	262.0	1
-30	-20	262.0	264.0	1
-20	-30	264.0	266.0	2
-30	-10	266.0	267.0	0
-10	-30	267.0	268.0	1
-30	-40	268.0	269.0	0
-40	-30	269.0	270.0	2
-30	-20	270.0	272.0	2
-20	-30	272.0	275.0	0
-30	-40	275.0	277.0	1
-40	-20	277.0	279.0	1
-20	-30	279.0	280.0	1
-30	-40	280.0	281.0	1
-40	-10	281.0	283.0	0
-10	20	283.0	285.0	2
20	10	285.0	288.0	0
10	-20	288.0	289.0	0
-20	-10	289.0	290.0	1
-10	10	290.0	293.0	1
10	-20	293.0	294.0	2
-20	10	294.0	297.0	2
