0	0	0	2.0	0
0	20	2.0	4.0	2
20	30	4.0	7.0	2
30	0	7.0	9.0	1
0	0	9.0	10.0	0
0	-10	10.0	12.0	2
-10	-40	12.0	15.0	1
-40	-30	15.0	18.0	0
-30	-30	18.0	20.0	1
-30	-30	20.0	23.0	2
-30	0	23.0	25.0	0
0	0	25.0	27.0	0
0	30	27.0	28.0	1
30	20	28.0	31.0	1
20	0	31.0	32.0	2
0	30	32.0	35.0	1
30	30	35.0	38.0	0
30	20	38.0	39.0	2
20	30	39.0	42.0	1
30	30	42.0	43.0	1
30	0	43.0	46.0	1
0	-20	46.0	49.0	2
-20	10	49.0	52.0	0
10	40	52.0	55.0	1
40	10	55.0	56.0	1
10	-10	56.0	57.0	2
-10	-30	57.0	58.0	0
-30	0	58.0	59.0	1
0	-10	59.0	61.0	1
-10	-10	61.0	62.0	2
-10	-10	62.0	64.0	1
-10	20	64.0	66.0	1
20	10	66.0	67.0	0
10	0	67.0	69.0	1
0	-30	69.0	72.0	0
-30	-40	72.0	74.0	1
-40	-40	74.0	77.0	2
-40	-10	77.0	80.0	2
-10	-30	80.0	81.0	0
-30	-30	81.0	82.0	2
-30	-20	82.0	83.0	0
-20	-40	83.0	85.0	0
-40	-30	85.0	88.0	1
-30	-30	88.0	90.0	0
-30	-20	90.0	91.0	2
-20	0	91.0	94.0	2
0	-10	94.0	97.0	1
-10	20	97.0	100.0	1
20	20	100.0	103.0	1
20	-10	103.0	104.0	0
-10	0	104.0	106.0	0
0	20	106.0	109.0	0
20	10	109.0	110.0	2
10	-20	110.0	111.0	2
-20	-10	111.0	114.0	0
-10	20	114.0	115.0	1
20	0	115.0	117.0	1
0	10	117.0	118.0	2
10	0	118.0	121.0	2
0	-10	121.0	123.0	0
-10	10	123.0	125.0	1
10	10	125.0	127.0	2
10	-10	127.0	130.0	0
-10	-40	130.0	133.0	0
-40	-10	133.0	136.0	2
-10	-20	136.0	137.0	1
-20	-40	137.0	138.0	2
-40	-30	138.0	140.0	2
-30	-10	140.0	141.0	2
-10	-30	141.0	143.0	2
-30	0	143.0	144.0	0
0	20	144.0	145.0	1
20	10	145.0	146.0	2
10	10	146.0	147.0	1
10	10	147.0	148.0	1
10	20	148.0	151.0	0
20	0	151.0	153.0	0
0	0	153.0	154.0	1
0	-20	154.0	155.0	1
-20	-20	155.0	156.0	0
-20	-20	156.0	158.0	0
-20	-10	158.0	160.0	1
-10	10	160.0	163.0	2
10	30	163.0	164.0	1
30	20	164.0	166.0	0
20	20	166.0	167.0	0
20	20	167.0	169.0	0
20	40	169.0	170.0	1
40	30	170.0	171.0	1
30	30	171.0	173.0	0
30	10	173.0	174.0	2
10	10	174.0	177.0	2
10	30	177.0	178.0	1
30	10	178.0	181.0	1
10	0	181.0	183.0	1
0	-10	183.0	186.0	2
-10	-30	186.0	188.0	2
-30	0	188.0	189.0	2
0	20	189.0	191.0	0
20	30	191.0	192.0	0
30	30	192.0	195.0	0
30	40	195.0	198.0	2
40	30	198.0	200.0	1
30	0	200.0	203.0	0
0	-20	203.0	205.0	2
-20	-10	205.0	206.0	2
-10	-10	206.0	207.0	0
-10	10	207.0	210.0	2
10	-20	210.0	211.0	2
-20	0	211.0	214.0	2
0	10	214.0	215.0	1
10	10	215.0	217.0	1
10	-10	217.0	218.0	0
-10	20	218.0	220.0	2
20	20	220.0	223.0	0
20	-10	223.0	226.0	1
-10	-10	226.0	229.0	1
-10	0	229.0	230.0	2
0	20	230.0	233.0	1
20	20	233.0	234.0	2
20	10	234.0	237.0	2
10	0	237.0	239.0	0
0	-10	239.0	240.0	0
-10	-30	240.0	242.0	0
-30	-20	242.0	243.0	2
-20	0	243.0	245.0	0
0	-20	245.0	247.0	0
-20	-40	247.0	249.0	1
-40	-20	249.0	252.0	2
-20	-30	252.0	255.0	0
-30	-40	255.0	257.0	0
-40	-40	257.0	259.0	0
-40	-10	259.0	260.0	2
-10	-40	260.0	262.0	0
-40	-30	262.0	264.0	0
-30	-40	264.0	267.0	0
-40	-10	267.0	269.0	2
-10	-40	269.0	272.0	1
-40	-30	272.0	273.0	2
-30	-20	273.0	275.0	0
-20	-20	275.0	277.0	0
-20	0	277.0	280.0	2
0	10	280.0	282.0	2
10	0	282.0	284.0	2
0	-20	284.0	285.0	0
-20	-30	285.0	286.0	0
-30	-30	286.0	287.0	0
-30	-10	287.0	290.0	0
-10	-30	290.0	291.0	0
-30	-40	291.0	292.0	0
-40	-30	292.0	294.0	2
-30	-10	294.0	296.0	1
-10	20	296.0	299.0	0
