0	0	0	2.0	0
0	30	2.0	3.0	1
30	30	3.0	4.0	2
30	30	4.0	5.0	2
30	10	5.0	7.0	1
10	-20	7.0	10.0	2
-20	0	10.0	13.0	1
0	-20	13.0	14.0	0
-20	-30	14.0	17.0	2
-30	-20	17.0	20.0	2
-20	-30	20.0	21.0	0
-30	-20	21.0	23.0	1
-20	0	23.0	25.0	2
0	20	25.0	28.0	1
20	0	28.0	29.0	2
0	-20	29.0	31.0	2
-20	10	31.0	32.0	0
10	30	32.0	33.0	2
30	40	33.0	35.0	2
40	10	35.0	37.0	1
10	10	37.0	40.0	1
10	-20	40.0	41.0	0
-20	-30	41.0	42.0	1
-30	-40	42.0	43.0	1
-40	-10	43.0	45.0	1
-10	10	45.0	46.0	1
10	-20	46.0	49.0	2
-20	0	49.0	50.0	2
0	-20	50.0	53.0	1
-20	-20	53.0	54.0	2
-20	-40	54.0	57.0	2
-40	-30	57.0	60.0	0
-30	-40	60.0	63.0	1
-40	-10	63.0	66.0	2
-10	10	66.0	67.0	2
10	40	67.0	69.0	0
40	30	69.0	70.0	0
30	30	70.0	72.0	2
30	20	72.0	73.0	0
20	10	73.0	74.0	1
10	30	74.0	76.0	1
30	10	76.0	77.0	1
10	-10	77.0	80.0	0
-10	-10	80.0	81.0	2
-10	-20	81.0	83.0	2
-20	-30	83.0	85.0	2
-30	-30	85.0	87.0	2
-30	-40	87.0	88.0	1
-40	-30	88.0	89.0	0
-30	-20	89.0	90.0	1
-20	-30	90.0	91.0	1
-30	-40	91.0	94.0	0
-40	-20	94.0	97.0	1
-20	-30	97.0	99.0	1
-30	-20	99.0	101.0	2
-20	-20	101.0	104.0	2
-20	0	104.0	106.0	2
0	-30	106.0	109.0	1
-30	-40	109.0	110.0	1
-40	-40	110.0	113.0	0
-40	-20	113.0	116.0	2
-20	-30	116.0	117.0	1
-30	-20	117.0	118.0	0
-20	10	118.0	121.0	0
10	30	121.0	123.0	1
30	20	123.0	125.0	2
20	20	125.0	126.0	1
20	0	126.0	127.0	1
0	-10	127.0	128.0	0
-10	10	128.0	129.0	0
10	0	129.0	132.0	0
0	10	132.0	133.0	1
10	0	133.0	136.0	1
0	20	136.0	139.0	2
20	10	139.0	141.0	1
10	30	141.0	143.0	1
30	30	143.0	146.0	2
30	10	146.0	149.0	2
10	0	149.0	152.0	2
0	10	152.0	155.0	0
10	-10	155.0	157.0	1
-10	-40	157.0	160.0	2
-40	-30	160.0	163.0	1
-30	-10	163.0	164.0	0
-10	-20	164.0	166.0	2
-20	-40	166.0	168.0	2
-40	-10	168.0	170.0	1
-10	-10	170.0	172.0	2
-10	-10	172.0	174.0	2
-10	20	174.0	177.0	2
20	30	177.0	180.0	2
30	30	180.0	182.0	2
30	10	182.0	184.0	1
10	20	184.0	187.0	2
20	10	187.0	188.0	2
10	-10	188.0	190.0	1
-10	10	190.0	191.0	0
10	0	191.0	194.0	1
0	30	194.0	196.0	2
30	0	196.0	198.0	0
0	10	198.0	200.0	0
10	-10	200.0	203.0	0
-10	0	203.0	204.0	2
0	-30	204.0	205.0	0
-30	-10	205.0	206.0	0
-10	-10	206.0	208.0	2
-10	20	208.0	210.0	1
20	0	210.0	212.0	1
0	-20	212.0	215.0	1
-20	-40	215.0	216.0	2
-40	-40	216.0	218.0	1
-40	-40	218.0	219.0	0
-40	-10	219.0	222.0	0
-10	-40	222.0	224.0	1
-40	-40	224.0	226.0	0
-40	-40	226.0	227.0	2
-40	-30	227.0	229.0	1
-30	-30	229.0	231.0	0
-30	-40	231.0	234.0	2
-40	-20	234.0	237.0	1
-20	0	237.0	240.0	0
0	-20	240.0	241.0	1
-20	-10	241.0	243.0	0
-10	-20	243.0	246.0	2
-20	-10	246.0	247.0	0
-10	-40	247.0	248.0	2
-40	-40	248.0	249.0	1
-40	-30	249.0	250.0	0
-30	-40	250.0	253.0	2
-40	-10	253.0	254.0	2
-10	20	254.0	255.0	0
20	20	255.0	256.0	2
20	20	256.0	257.0	1
20	-10	257.0	260.0	0
-10	0	260.0	261.0	1
0	30	261.0	263.0	2
30	0	263.0	264.0	2
0	-20	264.0	266.0	1
-20	0	266.0	269.0	1
0	20	269.0	271.0	2
20	10	271.0	273.0	0
10	0	273.0	275.0	2
0	0	275.0	277.0	1
0	0	277.0	279.0	1
0	30	279.0	282.0	0
30	20	282.0	283.0	2
20	20	283.0	286.0	1
20	0	286.0	288.0	2
0	0	288.0	291.0	0
0	0	291.0	293.0	0
0	-20	293.0	295.0	1
-20	-30	295.0	296.0	1
-30	0	296.0	297.0	2
