0	0	0	2.0	0
0	10	2.0	4.0	0
10	0	4.0	5.0	0
0	20	5.0	6.0	1
20	-10	6.0	8.0	2
-10	10	8.0	9.0	0
10	10	9.0	11.0	1
10	-10	11.0	13.0	0
-10	10	13.0	14.0	1
10	40	14.0	17.0	1
40	20	17.0	18.0	0
20	30	18.0	19.0	1
30	30	19.0	22.0	2
30	30	22.0	24.0	2
30	30	24.0	25.0	0
30	0	25.0	28.0	0
0	-20	28.0	29.0	0
-20	10	29.0	30.0	2
10	-10	30.0	32.0	1
-10	-30	32.0	34.0	2
-30	-40	34.0	35.0	0
-40	-10	35.0	36.0	0
-10	-40	36.0	38.0	0
-40	-40	38.0	40.0	1
-40	-40	40.0	41.0	2
-40	-20	41.0	44.0	0
-20	10	44.0	45.0	2
10	0	45.0	48.0	0
0	-20	48.0	49.0	1
-20	-10	49.0	50.0	0
-10	0	50.0	53.0	2
0	-20	53.0	56.0	1
-20	-40	56.0	59.0	0
-40	-30	59.0	62.0	2
-30	-40	62.0	64.0	1
-40	-40	64.0	67.0	2
-40	-40	67.0	68.0	1
-40	-10	68.0	71.0	0
-10	20	71.0	74.0	2
20	40	74.0	77.0	1
40	10	77.0	78.0	1
10	0	78.0	81.0	2
0	-20	81.0	83.0	2
-20	10	83.0	85.0	1
10	-20	85.0	87.0	2
-20	-40	87.0	89.0	1
-40	-10	89.0	91.0	0
-10	-10	91.0	92.0	0
-10	20	92.0	94.0	0
20	10	94.0	96.0	0
10	20	96.0	98.0	2
20	30	98.0	99.0	0
30	40	99.0	102.0	2
40	10	102.0	103.0	1
10	-10	103.0	104.0	2
-10	-10	104.0	106.0	0
-10	20	106.0	108.0	2
20	20	108.0	111.0	0
20	0	111.0	114.0	0
0	-20	114.0	117.0	1
-20	0	117.0	120.0	1
0	30	120.0	123.0	1
30	30	123.0	124.0	1
30	40	124.0	127.0	2
40	20	127.0	130.0	1
20	10	130.0	133.0	2
10	-20	133.0	134.0	1
-20	-10	134.0	137.0	0
-10	-20	137.0	139.0	1
-20	-30	139.0	141.0	2
-30	-20	141.0	143.0	1
-20	-20	143.0	145.0	2
-20	-10	145.0	147.0	0
-10	0	147.0	148.0	1
0	30	148.0	151.0	2
30	0	151.0	153.0	0
0	-20	153.0	154.0	1
-20	-30	154.0	155.0	2
-30	-40	155.0	156.0	2
-40	-10	156.0	157.0	0
-10	10	157.0	158.0	1
10	-10	158.0	160.0	2
-10	0	160.0	162.0	0
0	-30	162.0	163.0	0
-30	0	163.0	164.0	2
0	-10	164.0	165.0	1
-10	10	165.0	168.0	0
10	40	168.0	171.0	2
40	40	171.0	174.0	2
40	20	174.0	175.0	0
20	40	175.0	176.0	1
40	30	176.0	179.0	0
30	10	179.0	181.0	1
10	20	181.0	183.0	2
20	20	183.0	185.0	2
20	10	185.0	188.0	2
10	20	188.0	189.0	0
20	10	189.0	192.0	1
10	30	192.0	193.0	1
30	40	193.0	194.0	1
40	30	194.0	197.0	0
30	30	197.0	198.0	2
30	0	198.0	199.0	0
0	20	199.0	200.0	2
20	40	200.0	202.0	2
40	30	202.0	205.0	0
30	30	205.0	207.0	0
30	20	207.0	208.0	1
20	10	208.0	211.0	2
10	-10	211.0	214.0	0
-10	-10	214.0	216.0	1
-10	-20	216.0	218.0	1
-20	-30	218.0	219.0	2
-30	-20	219.0	221.0	1
-20	-40	221.0	223.0	0
-40	-20	223.0	224.0	2
-20	10	224.0	225.0	0
10	30	225.0	228.0	2
30	40	228.0	231.0	2
40	40	231.0	232.0	2
40	30	232.0	233.0	2
30	40	233.0	234.0	1
40	30	234.0	237.0	1
30	10	237.0	240.0	1
10	30	240.0	241.0	0
30	40	241.0	244.0	0
40	30	244.0	245.0	2
30	20	245.0	248.0	2
20	10	248.0	249.0	0
10	30	249.0	252.0	0
30	40	252.0	254.0	1
40	20	254.0	255.0	2
20	-10	255.0	258.0	0
-10	-10	258.0	261.0	1
-10	20	261.0	264.0	0
20	10	264.0	266.0	2
10	20	266.0	267.0	1
20	30	267.0	268.0	1
30	10	268.0	270.0	1
10	30	270.0	273.0	0
30	30	273.0	276.0	0
30	20	276.0	279.0	2
20	30	279.0	282.0	2
30	40	282.0	285.0	2
40	10	285.0	287.0	0
10	0	287.0	288.0	1
0	-10	288.0	290.0	1
-10	20	290.0	291.0	2
20	10	291.0	292.0	0
10	30	292.0	293.0	0
30	40	293.0	296.0	1
40	30	296.0	297.0	1
