0	0	0	2.0	0
0	-10	2.0	3.0	0
-10	-30	3.0	6.0	0
-30	0	6.0	8.0	0
0	-10	8.0	11.0	0
-10	10	11.0	13.0	1
10	-20	13.0	14.0	0
-20	-30	14.0	15.0	1
-30	-40	15.0	16.0	0
-40	-20	16.0	18.0	0
-20	-40	18.0	20.0	2
-40	-30	20.0	23.0	1
-30	-40	23.0	25.0	2
-40	-30	25.0	28.0	2
-30	-40	28.0	31.0	0
-40	-30	31.0	34.0	1
-30	-20	34.0	36.0	0
-20	10	36.0	37.0	2
10	40	37.0	39.0	0
40	20	39.0	42.0	0
20	40	42.0	44.0	0
40	30	44.0	45.0	0
30	20	45.0	48.0	0
20	0	48.0	49.0	0
0	0	49.0	52.0	1
0	10	52.0	55.0	2
10	-10	55.0	56.0	1
-10	-20	56.0	57.0	2
-20	-20	57.0	60.0	1
-20	-40	60.0	61.0	0
-40	-30	61.0	64.0	0
-30	-10	64.0	66.0	0
-10	-40	66.0	69.0	0
-40	-10	69.0	71.0	1
-10	10	71.0	72.0	0
10	40	72.0	73.0	0
40	20	73.0	74.0	2
20	40	74.0	77.0	1
40	40	77.0	78.0	0
40	30	78.0	80.0	2
30	40	80.0	81.0	0
40	10	81.0	84.0	0
10	30	84.0	85.0	1
30	40	85.0	88.0	2
40	10	88.0	90.0	2
10	-20	90.0	93.0	0
-20	-10	93.0	94.0	2
-10	20	94.0	95.0	0
20	10	95.0	96.0	0
10	-20	96.0	97.0	0
-20	-20	97.0	99.0	1
-20	-40	99.0	101.0	2
-40	-30	101.0	103.0	2
-30	-40	103.0	105.0	0
-40	-10	105.0	106.0	2
-10	-20	106.0	109.0	2
-20	-30	109.0	110.0	1
-30	-40	110.0	111.0	0
-40	-10	111.0	113.0	0
-10	20	113.0	116.0	0
20	40	116.0	117.0	0
40	20	117.0	118.0	2
20	40	118.0	120.0	0
40	40	120.0	122.0	0
40	10	122.0	125.0	1
10	20	125.0	126.0	2
20	40	126.0	128.0	0
40	40	128.0	131.0	1
40	40	131.0	133.0	1
40	30	133.0	134.0	1
30	0	134.0	135.0	2
0	10	135.0	136.0	0
10	-10	136.0	137.0	0
-10	0	137.0	138.0	2
0	10	138.0	139.0	2
10	30	139.0	142.0	0
30	20	142.0	144.0	0
20	0	144.0	145.0	2
0	20	145.0	147.0	1
20	0	147.0	148.0	1
0	10	148.0	149.0	1
10	20	149.0	152.0	1
20	20	152.0	155.0	1
20	0	155.0	157.0	2
0	30	157.0	159.0	1
30	30	159.0	160.0	0
30	0	160.0	162.0	2
0	0	162.0	164.0	2
0	-30	164.0	165.0	2
-30	-40	165.0	167.0	1
-40	-20	167.0	168.0	0
-20	-20	168.0	170.0	2
-20	-10	170.0	172.0	1
-10	-20	172.0	175.0	1
-20	-10	175.0	177.0	2
-10	-20	177.0	179.0	1
-20	0	179.0	181.0	0
0	-30	181.0	184.0	1
-30	-30	184.0	186.0	0
-30	-10	186.0	189.0	2
-10	-30	189.0	192.0	2
-30	-20	192.0	195.0	1
-20	-20	195.0	196.0	0
-20	-20	196.0	199.0	2
-20	-40	199.0	201.0	2
-40	-40	201.0	203.0	0
-40	-40	203.0	204.0	1
-40	-30	204.0	206.0	2
-30	-10	206.0	209.0	0
-10	0	209.0	212.0	1
0	30	212.0	213.0	1
30	40	213.0	216.0	2
40	20	216.0	218.0	1
20	30	218.0	219.0	1
30	0	219.0	221.0	2
0	30	221.0	222.0	1
30	10	222.0	225.0	0
10	-10	225.0	228.0	1
-10	20	228.0	230.0	1
20	-10	230.0	232.0	0
-10	10	232.0	233.0	2
10	30	233.0	234.0	1
30	10	234.0	236.0	0
10	-20	236.0	237.0	2
-20	-30	237.0	239.0	2
-30	0	239.0	240.0	2
0	-20	240.0	242.0	2
-20	10	242.0	243.0	0
10	0	243.0	245.0	2
0	-10	245.0	247.0	1
-10	10	247.0	250.0	1
10	40	250.0	251.0	0
40	40	251.0	252.0	2
40	20	252.0	254.0	0
20	30	254.0	257.0	0
30	0	257.0	258.0	0
0	-20	258.0	261.0	2
-20	-20	261.0	262.0	2
-20	-30	262.0	263.0	2
-30	0	263.0	264.0	2
0	10	264.0	266.0	2
10	0	266.0	267.0	2
0	-10	267.0	268.0	0
-10	-10	268.0	269.0	2
-10	0	269.0	271.0	0
0	30	271.0	272.0	2
30	30	272.0	274.0	1
30	40	274.0	275.0	2
40	20	275.0	278.0	0
20	0	278.0	279.0	2
0	30	279.0	281.0	2
30	0	281.0	284.0	1
0	-30	284.0	285.0	1
-30	-30	285.0	286.0	2
-30	-20	286.0	287.0	1
-20	-10	287.0	289.0	2
-10	-20	289.0	291.0	0
-20	0	291.0	292.0	2
0	30	292.0	294.0	1
30	20	294.0	297.0	1
20	0	297.0	299.0	1
