0	0	0	2.0	0
0	0	2.0	3.0	1
0	20	3.0	6.0	0
20	10	6.0	8.0	0
10	30	8.0	9.0	1
30	20	9.0	12.0	1
20	-10	12.0	13.0	2
-10	10	13.0	16.0	1
10	0	16.0	17.0	2
0	0	17.0	20.0	0
0	30	20.0	22.0	1
30	40	22.0	24.0	0
40	20	24.0	25.0	2
20	10	25.0	26.0	2
10	-20	26.0	28.0	0
-20	-30	28.0	29.0	2
-30	-40	29.0	32.0	1
-40	-30	32.0	35.0	0
-30	-20	35.0	36.0	1
-20	-10	36.0	39.0	1
-10	-40	39.0	40.0	0
-40	-20	40.0	42.0	0
-20	-30	42.0	45.0	2
-30	-20	45.0	46.0	0
-20	10	46.0	47.0	2
10	10	47.0	49.0	2
10	20	49.0	50.0	2
20	40	50.0	51.0	0
40	20	51.0	53.0	0
20	0	53.0	55.0	2
0	20	55.0	57.0	0
20	10	57.0	59.0	1
10	-10	59.0	61.0	1
-10	-30	61.0	64.0	1
-30	0	64.0	65.0	1
0	10	65.0	68.0	0
10	20	68.0	71.0	0
20	30	71.0	72.0	2
30	30	72.0	74.0	0
30	10	74.0	76.0	0
10	40	76.0	78.0	2
40	40	78.0	81.0	1
40	40	81.0	83.0	0
40	40	83.0	86.0	2
40	20	86.0	88.0	0
20	40	88.0	91.0	1
40	10	91.0	93.0	2
10	10	93.0	96.0	2
10	-10	96.0	99.0	2
-10	-10	99.0	100.0	2
-10	-30	100.0	103.0	1
-30	-10	103.0	105.0	2
-10	-10	105.0	108.0	1
-10	-10	108.0	111.0	1
-10	-40	111.0	113.0	1
-40	-10	113.0	114.0	0
-10	20	114.0	117.0	1
20	30	117.0	120.0	1
30	40	120.0	121.0	1
40	10	121.0	122.0	1
10	0	122.0	124.0	0
0	0	124.0	125.0	2
0	30	125.0	126.0	0
30	20	126.0	127.0	0
20	20	127.0	129.0	0
20	30	129.0	130.0	0
30	10	130.0	132.0	2
10	0	132.0	134.0	2
0	-10	134.0	135.0	2
-10	-30	135.0	138.0	0
-30	-20	138.0	141.0	1
-20	-40	141.0	142.0	1
-40	-10	142.0	143.0	0
-10	-30	143.0	144.0	1
-30	-10	144.0	146.0	1
-10	0	146.0	147.0	2
0	20	147.0	148.0	0
20	20	148.0	149.0	0
20	40	149.0	150.0	2
40	20	150.0	153.0	0
20	-10	153.0	154.0	2
-10	-20	154.0	155.0	0
-20	-10	155.0	156.0	0
-10	-40	156.0	158.0	0
-40	-20	158.0	161.0	0
-20	-10	161.0	163.0	0
-10	-30	163.0	166.0	1
-30	0	166.0	167.0	0
0	-20	167.0	170.0	0
-20	10	170.0	171.0	2
10	40	171.0	173.0	0
40	10	173.0	175.0	0
10	0	175.0	177.0	1
0	-20	177.0	180.0	2
-20	0	180.0	181.0	2
0	30	181.0	184.0	1
30	10	184.0	185.0	2
10	20	185.0	188.0	2
20	20	188.0	190.0	2
20	40	190.0	191.0	1
40	30	191.0	194.0	1
30	20	194.0	197.0	2
20	30	197.0	200.0	0
30	10	200.0	203.0	0
10	10	203.0	206.0	0
10	10	206.0	208.0	0
10	0	208.0	210.0	2
0	30	210.0	212.0	2
30	20	212.0	213.0	1
20	0	213.0	214.0	1
0	-20	214.0	216.0	0
-20	-10	216.0	219.0	1
-10	-10	219.0	220.0	1
-10	-10	220.0	223.0	1
-10	-30	223.0	226.0	1
-30	-20	226.0	228.0	2
-20	10	228.0	231.0	1
10	10	231.0	234.0	1
10	0	234.0	235.0	2
0	10	235.0	236.0	0
10	40	236.0	237.0	0
40	10	237.0	238.0	2
10	-10	238.0	241.0	2
-10	-20	241.0	242.0	2
-20	-30	242.0	245.0	0
-30	-20	245.0	248.0	2
-20	-10	248.0	250.0	0
-10	20	250.0	253.0	2
20	0	253.0	256.0	2
0	20	256.0	257.0	2
20	0	257.0	260.0	0
0	10	260.0	262.0	0
10	0	262.0	263.0	0
0	10	263.0	265.0	0
10	-10	265.0	268.0	2
-10	10	268.0	269.0	1
10	-10	269.0	271.0	2
-10	-30	271.0	274.0	2
-30	-20	274.0	275.0	0
-20	-30	275.0	278.0	2
-30	-10	278.0	279.0	1
-10	-40	279.0	281.0	1
-40	-40	281.0	282.0	0
-40	-30	282.0	284.0	2
-30	-40	284.0	286.0	2
-40	-30	286.0	287.0	1
-30	-10	287.0	290.0	1
-10	-40	290.0	291.0	1
-40	-30	291.0	293.0	2
-30	-40	293.0	294.0	1
-40	-30	294.0	296.0	0
-30	-30	296.0	297.0	2
-30	0	297.0	299.0	2
