0	0	0	2.0	0
0	20	2.0	3.0	0
20	30	3.0	4.0	2
30	0	4.0	6.0	2
0	10	6.0	9.0	2
10	-10	9.0	11.0	0
-10	-30	11.0	12.0	0
-30	-30	12.0	15.0	2
-30	-20	15.0	16.0	2
-20	-20	16.0	18.0	2
-20	10	18.0	20.0	1
10	-20	20.0	23.0	0
-20	-30	23.0	24.0	0
-30	0	24.0	27.0	2
0	-30	27.0	30.0	1
-30	-10	30.0	33.0	2
-10	-40	33.0	34.0	0
-40	-20	34.0	35.0	1
-20	10	35.0	36.0	2
10	10	36.0	39.0	0
10	30	39.0	42.0	1
30	30	42.0	44.0	0
30	20	44.0	46.0	2
20	30	46.0	47.0	2
30	40	47.0	48.0	0
40	10	48.0	51.0	2
10	-10	51.0	54.0	1
-10	20	54.0	56.0	1
20	30	56.0	59.0	0
30	10	59.0	61.0	2
10	10	61.0	63.0	2
10	10	63.0	64.0	1
10	-20	64.0	65.0	2
-20	-20	65.0	67.0	2
-20	10	67.0	70.0	2
10	40	70.0	72.0	0
40	30	72.0	74.0	2
30	40	74.0	77.0	2
40	30	77.0	80.0	0
30	0	80.0	81.0	1
0	20	81.0	84.0	0
20	30	84.0	87.0	0
30	30	87.0	89.0	1
30	10	89.0	91.0	2
10	20	91.0	93.0	1
20	20	93.0	96.0	2
20	20	96.0	98.0	0
20	10	98.0	100.0	2
10	10	100.0	103.0	2
10	-10	103.0	106.0	1
-10	20	106.0	107.0	2
20	40	107.0	109.0	1
40	30	109.0	112.0	2
30	20	112.0	113.0	1
20	-10	113.0	115.0	0
-10	-10	115.0	118.0	2
-10	-30	118.0	120.0	0
-30	-40	120.0	122.0	0
-40	-40	122.0	125.0	2
-40	-20	125.0	127.0	1
-20	-40	127.0	129.0	2
-40	-20	129.0	132.0	0
-20	0	132.0	135.0	2
0	10	135.0	137.0	0
10	0	137.0	140.0	1
0	-10	140.0	142.0	2
-10	-10	142.0	143.0	0
-10	20	143.0	146.0	1
20	20	146.0	149.0	1
20	10	149.0	151.0	2
10	-10	151.0	154.0	0
-10	-20	154.0	155.0	0
-20	-30	155.0	156.0	1
-30	-10	156.0	157.0	2
-10	0	157.0	160.0	1
0	-30	160.0	163.0	2
-30	-30	163.0	164.0	2
-30	-40	164.0	165.0	2
-40	-30	165.0	166.0	2
-30	0	166.0	168.0	1
0	20	168.0	169.0	2
20	40	169.0	172.0	1
40	30	172.0	175.0	0
30	0	175.0	176.0	0
0	0	176.0	178.0	1
0	-20	178.0	180.0	2
-20	-10	180.0	181.0	2
-10	10	181.0	182.0	0
10	40	182.0	183.0	2
40	40	183.0	184.0	2
40	40	184.0	186.0	1
40	20	186.0	188.0	1
20	40	188.0	190.0	1
40	10	190.0	192.0	1
10	0	192.0	195.0	0
0	-20	195.0	197.0	1
-20	-10	197.0	199.0	0
-10	-40	199.0	202.0	0
-40	-30	202.0	203.0	2
-30	-40	203.0	206.0	2
-40	-10	206.0	207.0	1
-10	20	207.0	208.0	1
20	10	208.0	209.0	2
10	20	209.0	212.0	0
20	20	212.0	214.0	1
20	-10	214.0	217.0	1
-10	-10	217.0	220.0	0
-10	0	220.0	221.0	2
0	0	221.0	223.0	0
0	-20	223.0	226.0	2
-20	-30	226.0	227.0	0
-30	0	227.0	229.0	0
0	30	229.0	231.0	1
30	30	231.0	233.0	2
30	0	233.0	235.0	0
0	30	235.0	238.0	1
30	20	238.0	240.0	0
20	20	240.0	242.0	0
20	20	242.0	244.0	2
20	30	244.0	246.0	1
30	20	246.0	249.0	2
20	40	249.0	250.0	2
40	10	250.0	253.0	0
10	10	253.0	255.0	0
10	10	255.0	256.0	0
10	20	256.0	258.0	0
20	0	258.0	259.0	0
0	-30	259.0	262.0	0
-30	-30	262.0	264.0	0
-30	-20	264.0	266.0	2
-20	10	266.0	268.0	0
10	0	268.0	271.0	0
0	-10	271.0	274.0	2
-10	-20	274.0	276.0	0
-20	-40	276.0	277.0	0
-40	-40	277.0	278.0	0
-40	-20	278.0	279.0	0
-20	-40	279.0	280.0	0
-40	-30	280.0	281.0	2
-30	-10	281.0	282.0	0
-10	-20	282.0	285.0	2
-20	-40	285.0	287.0	2
-40	-10	287.0	289.0	1
-10	10	289.0	291.0	0
10	0	291.0	294.0	2
0	0	294.0	295.0	0
0	10	295.0	297.0	1
