0	0	0	2.0	0
0	-30	2.0	5.0	2
-30	-30	5.0	7.0	0
-30	0	7.0	10.0	0
0	-30	10.0	11.0	1
-30	-40	11.0	13.0	1
-40	-40	13.0	14.0	0
-40	-30	14.0	16.0	0
-30	-40	16.0	17.0	2
-40	-40	17.0	19.0	2
-40	-20	19.0	22.0	1
-20	-20	22.0	25.0	1
-20	-30	25.0	28.0	1
-30	-40	28.0	31.0	1
-40	-20	31.0	34.0	0
-20	-40	34.0	35.0	0
-40	-40	35.0	38.0	0
-40	-40	38.0	39.0	2
-40	-20	39.0	42.0	2
-20	-40	42.0	44.0	1
-40	-20	44.0	47.0	1
-20	0	47.0	48.0	1
0	20	48.0	50.0	1
20	20	50.0	52.0	2
20	30	52.0	53.0	1
30	0	53.0	54.0	2
0	10	54.0	56.0	1
10	20	56.0	59.0	1
20	0	59.0	61.0	1
0	10	61.0	64.0	0
10	40	64.0	65.0	2
40	10	65.0	68.0	1
10	-20	68.0	71.0	1
-20	-30	71.0	74.0	1
-30	-30	74.0	77.0	2
-30	0	77.0	80.0	1
0	-20	80.0	82.0	1
-20	10	82.0	85.0	1
10	-10	85.0	87.0	2
-10	-40	87.0	89.0	0
-40	-20	89.0	90.0	2
-20	10	90.0	92.0	1
10	-10	92.0	94.0	0
-10	10	94.0	96.0	0
10	30	96.0	97.0	0
30	40	97.0	98.0	2
40	40	98.0	100.0	2
40	40	100.0	103.0	1
40	20	103.0	104.0	2
20	0	104.0	105.0	2
0	0	105.0	106.0	2
0	20	106.0	108.0	0
20	30	108.0	110.0	0
30	20	110.0	112.0	1
20	-10	112.0	113.0	0
-10	20	113.0	114.0	2
20	30	114.0	115.0	0
30	10	115.0	117.0	0
10	10	117.0	119.0	0
10	30	119.0	121.0	1
30	10	121.0	122.0	2
10	10	122.0	124.0	2
10	30	124.0	127.0	2
30	0	127.0	129.0	0
0	20	129.0	130.0	1
20	30	130.0	131.0	1
30	20	131.0	133.0	0
20	10	133.0	134.0	1
10	20	134.0	135.0	0
20	40	135.0	136.0	2
40	10	136.0	139.0	1
10	0	139.0	141.0	2
0	-20	141.0	142.0	2
-20	0	142.0	143.0	0
0	0	143.0	146.0	1
0	20	146.0	149.0	0
20	20	149.0	151.0	2
20	30	151.0	154.0	1
30	30	154.0	157.0	1
30	20	157.0	160.0	0
20	20	160.0	161.0	0
20	-10	161.0	163.0	0
-10	-20	163.0	164.0	0
-20	10	164.0	165.0	1
10	20	165.0	168.0	1
20	30	168.0	171.0	1
30	0	171.0	172.0	1
0	0	172.0	175.0	1
0	10	175.0	176.0	0
10	-10	176.0	178.0	1
-10	-40	178.0	179.0	2
-40	-40	179.0	181.0	1
-40	-10	181.0	183.0	1
-10	-20	183.0	186.0	2
-20	10	186.0	188.0	1
10	0	188.0	189.0	1
0	-20	189.0	190.0	1
-20	-30	190.0	193.0	0
-30	-30	193.0	195.0	0
-30	-20	195.0	197.0	2
-20	-20	197.0	200.0	0
-20	-10	200.0	203.0	2
-10	20	203.0	205.0	1
20	30	205.0	208.0	0
30	10	208.0	211.0	2
10	10	211.0	214.0	0
10	0	214.0	215.0	2
0	-30	215.0	218.0	0
-30	-30	218.0	221.0	1
-30	-40	221.0	222.0	0
-40	-30	222.0	224.0	2
-30	0	224.0	226.0	1
0	20	226.0	228.0	1
20	10	228.0	230.0	0
10	30	230.0	232.0	2
30	40	232.0	233.0	1
40	30	233.0	235.0	1
30	20	235.0	236.0	2
20	30	236.0	237.0	2
30	20	237.0	240.0	2
20	0	240.0	243.0	1
0	-20	243.0	245.0	2
-20	-40	245.0	246.0	1
-40	-30	246.0	247.0	2
-30	-40	247.0	249.0	0
-40	-20	249.0	251.0	2
-20	-30	251.0	252.0	0
-30	-30	252.0	255.0	2
-30	0	255.0	258.0	0
0	30	258.0	260.0	0
30	10	260.0	263.0	2
10	-10	263.0	266.0	2
-10	-30	266.0	267.0	0
-30	-30	267.0	268.0	2
-30	-20	268.0	270.0	0
-20	-40	270.0	273.0	1
-40	-10	273.0	275.0	0
-10	-20	275.0	276.0	2
-20	0	276.0	279.0	1
0	-20	279.0	281.0	2
-20	-30	281.0	282.0	1
-30	-40	282.0	285.0	2
-40	-20	285.0	288.0	2
-20	10	288.0	289.0	1
10	20	289.0	291.0	1
20	30	291.0	294.0	0
30	10	294.0	297.0	2
