0	0	0	2.0	0
0	-10	2.0	4.0	1
-10	-10	4.0	5.0	2
-10	-30	5.0	6.0	0
-30	-30	6.0	8.0	1
-30	-40	8.0	11.0	2
-40	-30	11.0	12.0	0
-30	0	12.0	15.0	0
0	-30	15.0	18.0	2
-30	-40	18.0	19.0	1
-40	-10	19.0	22.0	2
-10	-30	22.0	24.0	2
-30	-30	24.0	25.0	0
-30	-40	25.0	27.0	1
-40	-30	27.0	29.0	2
-30	0	29.0	32.0	1
0	0	32.0	35.0	2
0	10	35.0	36.0	2
10	0	36.0	38.0	1
0	-10	38.0	40.0	0
-10	10	40.0	42.0	0
10	-10	42.0	44.0	2
-10	-40	44.0	47.0	2
-40	-10	47.0	48.0	0
-10	-20	48.0	50.0	2
-20	-10	50.0	51.0	0
-10	-20	51.0	52.0	0
-20	10	52.0	55.0	2
10	10	55.0	58.0	0
10	-20	58.0	59.0	2
-20	-30	59.0	60.0	0
-30	-30	60.0	61.0	1
-30	-20	61.0	64.0	1
-20	-10	64.0	65.0	1
-10	0	65.0	68.0	0
0	-20	68.0	69.0	1
-20	-30	69.0	72.0	0
-30	-20	72.0	75.0	1
-20	0	75.0	77.0	2
0	-20	77.0	78.0	0
-20	-10	78.0	80.0	0
-10	-30	80.0	81.0	1
-30	-40	81.0	84.0	2
-40	-20	84.0	86.0	1
-20	10	86.0	89.0	1
10	-10	89.0	92.0	2
-10	0	92.0	93.0	2
0	-30	93.0	96.0	1
-30	-40	96.0	99.0	0
-40	-30	99.0	100.0	1
-30	-20	100.0	102.0	2
-20	-20	102.0	105.0	2
-20	0	105.0	107.0	0
0	30	107.0	110.0	2
30	0	110.0	111.0	0
0	-20	111.0	113.0	0
-20	-30	113.0	114.0	0
-30	-10	114.0	115.0	0
-10	20	115.0	117.0	2
20	30	117.0	120.0	1
30	30	120.0	123.0	2
30	10	123.0	126.0	1
10	30	126.0	128.0	1
30	40	128.0	131.0	2
40	40	131.0	134.0	0
40	40	134.0	137.0	2
40	30	137.0	139.0	1
30	10	139.0	141.0	2
10	40	141.0	144.0	1
40	40	144.0	145.0	1
40	30	145.0	147.0	1
30	0	147.0	148.0	1
0	30	148.0	151.0	2
30	10	151.0	152.0	2
10	20	152.0	155.0	2
20	20	155.0	156.0	0
20	40	156.0	159.0	0
40	20	159.0	161.0	1
20	0	161.0	164.0	0
0	10	164.0	165.0	1
10	0	165.0	166.0	1
0	-20	166.0	167.0	1
-20	-10	167.0	169.0	1
-10	10	169.0	171.0	2
10	-20	171.0	172.0	2
-20	-30	172.0	175.0	0
-30	-20	175.0	177.0	0
-20	-30	177.0	180.0	1
-30	-30	180.0	181.0	0
-30	-20	181.0	184.0	1
-20	-30	184.0	185.0	2
-30	-30	185.0	188.0	2
-30	-20	188.0	190.0	0
-20	-40	190.0	192.0	0
-40	-30	192.0	194.0	2
-30	-30	194.0	196.0	1
-30	-20	196.0	198.0	2
-20	-40	198.0	199.0	0
-40	-20	199.0	202.0	2
-20	-40	202.0	203.0	0
-40	-20	203.0	204.0	1
-20	0	204.0	205.0	1
0	20	205.0	208.0	2
20	30	208.0	209.0	1
30	40	209.0	210.0	2
40	40	210.0	212.0	1
40	40	212.0	215.0	0
40	30	215.0	217.0	0
30	40	217.0	219.0	2
40	20	219.0	222.0	1
20	40	222.0	224.0	1
40	20	224.0	226.0	1
20	0	226.0	227.0	2
0	-10	227.0	228.0	0
-10	-20	228.0	229.0	2
-20	10	229.0	230.0	1
10	-10	230.0	232.0	1
-10	-10	232.0	234.0	1
-10	0	234.0	235.0	0
0	-30	235.0	237.0	1
-30	-40	237.0	239.0	2
-40	-40	239.0	242.0	2
-40	-40	242.0	243.0	1
-40	-30	243.0	245.0	2
-30	-20	245.0	248.0	0
-20	-20	248.0	250.0	1
-20	-20	250.0	251.0	1
-20	-40	251.0	253.0	0
-40	-10	253.0	254.0	2
-10	-40	254.0	256.0	0
-40	-10	256.0	258.0	1
-10	-30	258.0	261.0	1
-30	-30	261.0	264.0	2
-30	-30	264.0	266.0	1
-30	0	266.0	267.0	0
0	0	267.0	270.0	2
0	30	270.0	271.0	2
30	40	271.0	272.0	0
40	40	272.0	275.0	1
40	20	275.0	276.0	1
20	20	276.0	277.0	2
20	-10	277.0	278.0	1
-10	10	278.0	279.0	2
10	-10	279.0	280.0	2
-10	-40	280.0	281.0	2
-40	-30	281.0	283.0	1
-30	0	283.0	284.0	1
0	-30	284.0	286.0	0
-30	0	286.0	289.0	1
0	0	289.0	292.0	0
0	0	292.0	294.0	0
0	30	294.0	296.0	2
30	40	296.0	298.0	2
