0	0	0	2.0	0
0	-20	2.0	3.0	1
-20	-30	3.0	6.0	0
-30	-30	6.0	7.0	1
-30	0	7.0	8.0	1
0	-10	8.0	9.0	1
-10	-30	9.0	12.0	2
-30	-40	12.0	14.0	2
-40	-30	14.0	16.0	1
-30	-40	16.0	19.0	0
-40	-30	19.0	21.0	0
-30	-10	21.0	23.0	2
-10	-40	23.0	24.0	2
-40	-30	24.0	25.0	1
-30	-20	25.0	28.0	0
-20	-10	28.0	31.0	0
-10	0	31.0	34.0	2
0	-10	34.0	37.0	2
-10	-40	37.0	38.0	2
-40	-30	38.0	40.0	0
-30	-20	40.0	42.0	1
-20	10	42.0	45.0	0
10	-20	45.0	46.0	2
-20	-20	46.0	49.0	1
-20	0	49.0	51.0	2
0	20	51.0	53.0	2
20	40	53.0	56.0	2
40	20	56.0	59.0	2
20	10	59.0	62.0	1
10	10	62.0	63.0	2
10	0	63.0	66.0	1
0	20	66.0	68.0	0
20	20	68.0	70.0	1
20	0	70.0	73.0	2
0	-20	73.0	76.0	0
-20	-40	76.0	78.0	0
-40	-30	78.0	79.0	1
-30	-40	79.0	81.0	0
-40	-10	81.0	84.0	2
-10	10	84.0	87.0	2
10	40	87.0	89.0	0
40	40	89.0	91.0	1
40	10	91.0	92.0	0
10	-10	92.0	94.0	2
-10	0	94.0	97.0	2
0	-20	97.0	98.0	2
-20	-40	98.0	99.0	0
-40	-30	99.0	101.0	1
-30	-20	101.0	104.0	0
-20	-10	104.0	105.0	2
-10	20	105.0	107.0	0
20	0	107.0	108.0	2
0	-30	108.0	109.0	2
-30	-20	109.0	111.0	2
-20	10	111.0	114.0	1
10	20	114.0	116.0	2
20	10	116.0	119.0	0
10	20	119.0	121.0	0
20	0	121.0	123.0	2
0	-30	123.0	124.0	2
-30	-10	124.0	127.0	0
-10	10	127.0	129.0	1
10	0	129.0	131.0	0
0	0	131.0	132.0	1
0	0	132.0	135.0	2
0	30	135.0	136.0	0
30	40	136.0	138.0	0
40	20	138.0	139.0	1
20	-10	139.0	140.0	0
-10	-40	140.0	143.0	1
-40	-40	143.0	144.0	1
-40	-20	144.0	145.0	2
-20	0	145.0	148.0	0
0	0	148.0	149.0	2
0	20	149.0	152.0	2
20	30	152.0	155.0	1
30	40	155.0	158.0	0
40	40	158.0	161.0	1
40	40	161.0	163.0	1
40	20	163.0	165.0	2
20	20	165.0	166.0	0
20	0	166.0	168.0	1
0	-20	168.0	169.0	0
-20	10	169.0	172.0	1
10	10	172.0	175.0	0
10	40	175.0	177.0	2
40	20	177.0	178.0	1
20	30	178.0	179.0	2
30	20	179.0	180.0	0
20	10	180.0	183.0	2
10	20	183.0	184.0	0
20	0	184.0	186.0	0
0	-30	186.0	188.0	0
-30	0	188.0	189.0	0
0	-30	189.0	191.0	2
-30	-20	191.0	192.0	1
-20	-30	192.0	193.0	2
-30	-20	193.0	196.0	2
-20	-10	196.0	197.0	1
-10	-40	197.0	200.0	2
-40	-30	200.0	202.0	0
-30	-40	202.0	204.0	1
-40	-30	204.0	206.0	0
-30	-30	206.0	207.0	1
-30	-10	207.0	210.0	0
-10	20	210.0	213.0	0
20	-10	213.0	214.0	0
-10	0	214.0	217.0	1
0	30	217.0	218.0	1
30	30	218.0	221.0	1
30	20	221.0	223.0	1
20	40	223.0	224.0	2
40	30	224.0	227.0	2
30	20	227.0	228.0	2
20	-10	228.0	229.0	0
-10	0	229.0	232.0	0
0	0	232.0	235.0	1
0	0	235.0	238.0	1
0	30	238.0	240.0	1
30	10	240.0	242.0	2
10	-20	242.0	244.0	2
-20	-10	244.0	246.0	2
-10	0	246.0	247.0	0
0	10	247.0	248.0	2
10	0	248.0	251.0	0
0	-30	251.0	252.0	1
-30	-30	252.0	254.0	2
-30	-40	254.0	257.0	1
-40	-10	257.0	260.0	1
-10	-10	260.0	261.0	1
-10	0	261.0	264.0	0
0	-30	264.0	265.0	2
-30	-20	265.0	266.0	2
-20	-40	266.0	267.0	2
-40	-10	267.0	268.0	0
-10	0	268.0	269.0	1
0	0	269.0	272.0	1
0	10	272.0	273.0	1
10	0	273.0	275.0	0
0	30	275.0	276.0	1
30	0	276.0	279.0	0
0	-10	279.0	282.0	1
-10	20	282.0	285.0	2
20	10	285.0	287.0	2
10	10	287.0	290.0	2
10	30	290.0	293.0	1
30	10	293.0	295.0	1
10	10	295.0	296.0	1
10	-10	296.0	298.0	2
