0	0	0	2.0	0
0	0	2.0	3.0	2
0	-10	3.0	6.0	2
-10	-30	6.0	9.0	2
-30	-10	9.0	11.0	0
-10	20	11.0	12.0	1
20	10	12.0	15.0	1
10	-10	15.0	18.0	1
-10	20	18.0	21.0	1
20	20	21.0	23.0	0
20	0	23.0	24.0	2
0	0	24.0	26.0	1
0	-20	26.0	28.0	2
-20	-20	28.0	31.0	2
-20	-40	31.0	34.0	1
-40	-30	34.0	36.0	2
-30	-30	36.0	37.0	2
-30	-30	37.0	40.0	0
-30	0	40.0	43.0	0
0	-10	43.0	46.0	0
-10	-20	46.0	48.0	2
-20	-10	48.0	49.0	0
-10	-30	49.0	50.0	2
-30	-10	50.0	53.0	0
-10	0	53.0	56.0	1
0	-20	56.0	59.0	2
-20	-40	59.0	61.0	1
-40	-30	61.0	62.0	0
-30	-30	62.0	64.0	2
-30	-20	64.0	65.0	2
-20	-20	65.0	68.0	2
-20	10	68.0	69.0	1
10	30	69.0	72.0	2
30	40	72.0	74.0	0
40	10	74.0	75.0	1
10	20	75.0	77.0	0
20	0	77.0	80.0	1
0	-20	80.0	81.0	0
-20	-10	81.0	84.0	2
-10	-20	84.0	87.0	0
-20	10	87.0	88.0	2
10	-20	88.0	90.0	1
-20	-40	90.0	92.0	2
-40	-20	92.0	95.0	0
-20	0	95.0	98.0	0
0	10	98.0	101.0	2
10	-20	101.0	102.0	1
-20	-20	102.0	105.0	2
-20	10	105.0	106.0	0
10	-20	106.0	108.0	1
-20	-40	108.0	111.0	2
-40	-10	111.0	113.0	1
-10	-20	113.0	114.0	2
-20	-20	114.0	117.0	1
-20	0	117.0	120.0	0
0	-20	120.0	122.0	1
-20	-10	122.0	125.0	1
-10	-30	125.0	126.0	1
-30	-40	126.0	128.0	0
-40	-10	128.0	131.0	1
-10	-10	131.0	133.0	2
-10	-40	133.0	135.0	0
-40	-20	135.0	137.0	0
-20	0	137.0	139.0	2
0	30	139.0	142.0	1
30	0	142.0	145.0	2
0	20	145.0	146.0	2
20	30	146.0	147.0	1
30	10	147.0	148.0	1
10	20	148.0	149.0	2
20	20	149.0	151.0	1
20	10	151.0	154.0	0
10	30	154.0	156.0	2
30	0	156.0	159.0	0
0	20	159.0	160.0	0
20	30	160.0	162.0	1
30	0	162.0	163.0	2
0	10	163.0	165.0	2
10	30	165.0	167.0	2
30	30	167.0	169.0	0
30	20	169.0	171.0	2
20	40	171.0	173.0	1
40	30	173.0	175.0	0
30	0	175.0	178.0	1
0	-30	178.0	180.0	1
-30	-40	180.0	181.0	0
-40	-10	181.0	183.0	2
-10	-10	183.0	186.0	2
-10	-30	186.0	189.0	2
-30	-10	189.0	190.0	1
-10	10	190.0	191.0	0
10	-20	191.0	193.0	0
-20	10	193.0	196.0	2
10	0	196.0	198.0	1
0	-10	198.0	199.0	2
-10	20	199.0	202.0	1
20	-10	202.0	203.0	1
-10	-30	203.0	205.0	0
-30	-40	205.0	207.0	0
-40	-30	207.0	209.0	2
-30	-20	209.0	211.0	1
-20	-20	211.0	214.0	2
-20	-40	214.0	215.0	0
-40	-40	215.0	216.0	2
-40	-30	216.0	217.0	0
-30	-10	217.0	219.0	0
-10	0	219.0	220.0	2
0	-20	220.0	221.0	2
-20	-40	221.0	222.0	2
-40	-20	222.0	223.0	0
-20	-40	223.0	226.0	0
-40	-40	226.0	229.0	0
-40	-40	229.0	230.0	0
-40	-30	230.0	233.0	2
-30	-30	233.0	235.0	0
-30	-30	235.0	238.0	1
-30	-20	238.0	240.0	2
-20	0	240.0	243.0	2
0	10	243.0	244.0	1
10	-20	244.0	246.0	0
-20	10	246.0	249.0	2
10	-20	249.0	251.0	1
-20	-10	251.0	253.0	1
-10	-40	253.0	254.0	0
-40	-10	254.0	256.0	0
-10	-30	256.0	257.0	1
-30	-30	257.0	259.0	0
-30	0	259.0	262.0	2
0	0	262.0	264.0	2
0	0	264.0	266.0	2
0	-10	266.0	268.0	1
-10	-30	268.0	269.0	2
-30	-40	269.0	270.0	0
-40	-20	270.0	271.0	1
-20	10	271.0	274.0	2
10	-10	274.0	277.0	1
-10	-20	277.0	280.0	1
-20	-40	280.0	281.0	2
-40	-20	281.0	284.0	0
-20	-40	284.0	285.0	2
-40	-40	285.0	286.0	1
-40	-10	286.0	289.0	1
-10	-10	289.0	291.0	2
-10	-10	291.0	293.0	2
-10	-30	293.0	295.0	2
-30	-10	295.0	297.0	0
