0	0	0	2.0	0
0	-30	2.0	4.0	1
-30	-40	4.0	5.0	0
-40	-10	5.0	6.0	0
-10	-10	6.0	9.0	2
-10	-10	9.0	12.0	1
-10	-10	12.0	13.0	2
-10	0	13.0	16.0	2
0	0	16.0	17.0	0
0	0	17.0	18.0	2
0	10	18.0	21.0	2
10	-20	21.0	23.0	0
-20	-30	23.0	25.0	1
-30	-30	25.0	26.0	0
-30	-30	26.0	29.0	0
-30	-10	29.0	31.0	2
-10	-40	31.0	34.0	1
-40	-10	34.0	36.0	1
-10	0	36.0	37.0	0
0	10	37.0	40.0	1
10	30	40.0	41.0	0
30	0	41.0	44.0	0
0	-20	44.0	47.0	2
-20	-30	47.0	48.0	2
-30	-30	48.0	49.0	2
-30	-30	49.0	51.0	2
-30	-10	51.0	53.0	0
-10	-20	53.0	56.0	2
-20	0	56.0	57.0	1
0	-20	57.0	58.0	1
-20	10	58.0	60.0	0
10	0	60.0	63.0	1
0	30	63.0	65.0	1
30	0	65.0	66.0	2
0	10	66.0	68.0	1
10	-20	68.0	70.0	1
-20	0	70.0	72.0	1
0	-20	72.0	75.0	1
-20	-20	75.0	78.0	1
-20	0	78.0	80.0	1
0	-30	80.0	83.0	2
-30	-20	83.0	85.0	0
-20	0	85.0	86.0	0
0	10	86.0	88.0	1
10	-10	88.0	90.0	2
-10	0	90.0	92.0	2
0	-20	92.0	95.0	1
-20	0	95.0	97.0	0
0	30	97.0	99.0	1
30	30	99.0	102.0	0
30	40	102.0	104.0	2
40	30	104.0	107.0	1
30	0	107.0	109.0	2
0	-20	109.0	110.0	0
-20	-10	110.0	112.0	0
-10	-30	112.0	113.0	0
-30	-40	113.0	114.0	2
-40	-10	114.0	115.0	0
-10	-10	115.0	116.0	1
-10	-30	116.0	118.0	0
-30	-30	118.0	121.0	2
-30	-20	121.0	122.0	0
-20	0	122.0	124.0	0
0	20	124.0	127.0	2
20	30	127.0	128.0	1
30	20	128.0	129.0	2
20	30	129.0	131.0	2
30	0	131.0	134.0	2
0	0	134.0	137.0	1
0	20	137.0	139.0	1
20	30	139.0	141.0	0
30	20	141.0	142.0	1
20	0	142.0	144.0	2
0	20	144.0	146.0	0
20	0	146.0	147.0	1
0	10	147.0	148.0	0
10	-20	148.0	149.0	1
-20	0	149.0	152.0	0
0	0	152.0	153.0	1
0	0	153.0	156.0	1
0	30	156.0	159.0	2
30	20	159.0	161.0	2
20	40	161.0	163.0	1
40	20	163.0	166.0	2
20	0	166.0	168.0	1
0	30	168.0	171.0	1
30	20	171.0	173.0	0
20	-10	173.0	176.0	2
-10	-10	176.0	177.0	2
-10	-30	177.0	178.0	0
-30	-30	178.0	179.0	2
-30	-20	179.0	180.0	0
-20	10	180.0	183.0	1
10	-10	183.0	186.0	1
-10	-20	186.0	188.0	0
-20	-40	188.0	191.0	1
-40	-10	191.0	194.0	2
-10	-40	194.0	197.0	0
-40	-10	197.0	199.0	1
-10	20	199.0	200.0	2
20	40	200.0	202.0	0
40	30	202.0	203.0	2
30	30	203.0	204.0	2
30	30	204.0	206.0	0
30	30	206.0	209.0	0
30	20	209.0	212.0	2
20	-10	212.0	213.0	0
-10	10	213.0	214.0	0
10	20	214.0	215.0	2
20	40	215.0	216.0	2
40	20	216.0	219.0	2
20	0	219.0	221.0	0
0	10	221.0	224.0	1
10	0	224.0	225.0	0
0	-10	225.0	227.0	0
-10	0	227.0	229.0	1
0	0	229.0	230.0	1
0	-10	230.0	232.0	2
-10	-40	232.0	234.0	2
-40	-20	234.0	235.0	2
-20	-10	235.0	236.0	2
-10	-30	236.0	237.0	0
-30	-20	237.0	238.0	0
-20	0	238.0	241.0	2
0	-10	241.0	243.0	2
-10	-20	243.0	244.0	2
-20	-30	244.0	247.0	1
-30	-20	247.0	248.0	2
-20	10	248.0	249.0	1
10	10	249.0	252.0	0
10	40	252.0	253.0	0
40	40	253.0	256.0	2
40	10	256.0	258.0	0
10	40	258.0	259.0	2
40	20	259.0	262.0	2
20	-10	262.0	265.0	2
-10	0	265.0	266.0	2
0	-10	266.0	268.0	2
-10	-40	268.0	269.0	2
-40	-10	269.0	271.0	1
-10	-30	271.0	274.0	2
-30	0	274.0	276.0	1
0	20	276.0	278.0	1
20	-10	278.0	279.0	0
-10	-10	279.0	280.0	1
-10	-30	280.0	282.0	0
-30	-30	282.0	284.0	2
-30	0	284.0	285.0	1
0	-30	285.0	288.0	1
-30	-20	288.0	291.0	2
-20	-10	291.0	293.0	1
-10	20	293.0	295.0	1
20	30	295.0	297.0	2
30	0	297.0	299.0	1
