0	0	0	2.0	0
0	20	2.0	3.0	1
20	0	3.0	4.0	1
0	30	4.0	6.0	1
30	20	6.0	9.0	0
20	-10	9.0	10.0	1
-10	20	10.0	11.0	1
20	0	11.0	13.0	2
0	-10	13.0	16.0	2
-10	0	16.0	17.0	2
0	-10	17.0	20.0	0
-10	-20	20.0	22.0	1
-20	10	22.0	25.0	2
10	0	25.0	27.0	1
0	30	27.0	30.0	2
30	10	30.0	33.0	1
10	0	33.0	35.0	1
0	-20	35.0	38.0	1
-20	-20	38.0	40.0	2
-20	0	40.0	42.0	1
0	10	42.0	44.0	2
10	30	44.0	46.0	1
30	20	46.0	47.0	2
20	40	47.0	48.0	2
40	10	48.0	49.0	2
10	20	49.0	51.0	0
20	10	51.0	54.0	0
10	-20	54.0	55.0	0
-20	-40	55.0	57.0	2
-40	-10	57.0	59.0	0
-10	-10	59.0	62.0	2
-10	-30	62.0	63.0	0
-30	-30	63.0	64.0	0
-30	-20	64.0	65.0	1
-20	-40	65.0	67.0	0
-40	-40	67.0	70.0	0
-40	-10	70.0	72.0	2
-10	-20	72.0	74.0	0
-20	-10	74.0	75.0	0
-10	0	75.0	76.0	1
0	20	76.0	77.0	0
20	-10	77.0	78.0	1
-10	-40	78.0	79.0	2
-40	-40	79.0	80.0	0
-40	-30	80.0	83.0	1
-30	-30	83.0	85.0	0
-30	-30	85.0	86.0	0
-30	0	86.0	88.0	2
0	0	88.0	89.0	2
0	30	89.0	91.0	0
30	0	91.0	93.0	1
0	30	93.0	96.0	1
30	0	96.0	99.0	0
0	-20	99.0	102.0	2
-20	-40	102.0	105.0	2
-40	-40	105.0	107.0	0
-40	-30	107.0	108.0	0
-30	-10	108.0	109.0	0
-10	-40	109.0	111.0	0
-40	-40	111.0	113.0	1
-40	-40	113.0	116.0	0
-40	-20	116.0	118.0	2
-20	10	118.0	119.0	2
10	20	119.0	121.0	2
20	0	121.0	122.0	0
0	-30	122.0	123.0	0
-30	-10	123.0	126.0	1
-10	-20	126.0	129.0	2
-20	0	129.0	130.0	0
0	-10	130.0	132.0	1
-10	-10	132.0	135.0	1
-10	-40	135.0	136.0	1
-40	-40	136.0	137.0	0
-40	-10	137.0	139.0	1
-10	20	139.0	140.0	0
20	20	140.0	142.0	1
20	-10	142.0	144.0	1
-10	20	144.0	146.0	2
20	40	146.0	149.0	1
40	40	149.0	150.0	2
40	30	150.0	151.0	2
30	10	151.0	154.0	1
10	40	154.0	155.0	0
40	40	155.0	157.0	1
40	30	157.0	159.0	1
30	30	159.0	160.0	1
30	0	160.0	161.0	2
0	-20	161.0	163.0	2
-20	0	163.0	165.0	2
0	20	165.0	167.0	2
20	-10	167.0	170.0	0
-10	0	170.0	172.0	0
0	-20	172.0	174.0	0
-20	0	174.0	175.0	2
0	30	175.0	177.0	0
30	0	177.0	180.0	1
0	10	180.0	182.0	2
10	20	182.0	183.0	1
20	0	183.0	184.0	1
0	10	184.0	186.0	1
10	-10	186.0	189.0	2
-10	-20	189.0	192.0	0
-20	-40	192.0	195.0	1
-40	-40	195.0	198.0	2
-40	-40	198.0	200.0	0
-40	-40	200.0	203.0	2
-40	-40	203.0	205.0	1
-40	-40	205.0	206.0	2
-40	-40	206.0	209.0	2
-40	-20	209.0	211.0	0
-20	-30	211.0	213.0	0
-30	-30	213.0	214.0	1
-30	-30	214.0	216.0	0
-30	-10	216.0	217.0	0
-10	-20	217.0	218.0	0
-20	-40	218.0	221.0	2
-40	-20	221.0	224.0	0
-20	10	224.0	227.0	2
10	0	227.0	228.0	2
0	20	228.0	231.0	1
20	30	231.0	232.0	0
30	30	232.0	233.0	1
30	40	233.0	235.0	0
40	10	235.0	238.0	0
10	-20	238.0	240.0	1
-20	-20	240.0	243.0	2
-20	10	243.0	246.0	2
10	30	246.0	247.0	2
30	30	247.0	248.0	2
30	0	248.0	250.0	2
0	-10	250.0	253.0	2
-10	-40	253.0	255.0	0
-40	-10	255.0	258.0	0
-10	-40	258.0	261.0	2
-40	-40	261.0	262.0	0
-40	-30	262.0	264.0	1
-30	-40	264.0	267.0	2
-40	-30	267.0	268.0	0
-30	-30	268.0	270.0	0
-30	-30	270.0	272.0	2
-30	0	272.0	274.0	1
0	-20	274.0	277.0	1
-20	10	277.0	278.0	2
10	10	278.0	281.0	0
10	30	281.0	282.0	1
30	20	282.0	285.0	0
20	-10	285.0	286.0	0
-10	-30	286.0	288.0	0
-30	0	288.0	290.0	1
0	30	290.0	292.0	1
30	0	292.0	294.0	0
0	30	294.0	296.0	0
30	30	296.0	297.0	1
