0	0	0	2.0	0
0	30	2.0	5.0	1
30	30	5.0	6.0	1
30	40	6.0	7.0	2
40	20	7.0	10.0	2
20	40	10.0	12.0	1
40	10	12.0	14.0	1
10	10	14.0	17.0	2
10	-10	17.0	20.0	2
-10	0	20.0	22.0	2
0	0	22.0	24.0	1
0	-20	24.0	25.0	1
-20	-40	25.0	28.0	0
-40	-30	28.0	30.0	1
-30	-40	30.0	32.0	0
-40	-10	32.0	34.0	2
-10	-40	34.0	37.0	1
-40	-10	37.0	40.0	0
-10	20	40.0	42.0	0
20	0	42.0	43.0	0
0	30	43.0	44.0	0
30	30	44.0	46.0	2
30	20	46.0	47.0	2
20	40	47.0	48.0	0
40	30	48.0	50.0	2
30	10	50.0	53.0	0
10	-20	53.0	54.0	2
-20	0	54.0	57.0	0
0	-20	57.0	58.0	0
-20	-20	58.0	60.0	1
-20	10	60.0	62.0	0
10	40	62.0	65.0	1
40	40	65.0	66.0	0
40	20	66.0	67.0	2
20	10	67.0	68.0	1
10	40	68.0	69.0	1
40	30	69.0	70.0	2
30	10	70.0	72.0	0
10	0	72.0	75.0	1
0	20	75.0	78.0	0
20	-10	78.0	79.0	1
-10	-20	79.0	82.0	2
-20	10	82.0	85.0	0
10	30	85.0	87.0	0
30	20	87.0	89.0	2
20	10	89.0	90.0	0
10	-20	90.0	93.0	2
-20	0	93.0	94.0	2
0	0	94.0	95.0	1
0	30	95.0	96.0	1
30	10	96.0	97.0	1
10	40	97.0	98.0	0
40	30	98.0	101.0	2
30	10	101.0	103.0	0
10	-20	103.0	106.0	0
-20	0	106.0	108.0	2
0	0	108.0	109.0	2
0	0	109.0	112.0	2
0	30	112.0	114.0	0
30	20	114.0	117.0	0
20	20	117.0	120.0	2
20	30	120.0	121.0	0
30	30	121.0	123.0	2
30	10	123.0	124.0	1
10	40	124.0	127.0	1
40	40	127.0	129.0	0
40	10	129.0	131.0	2
10	0	131.0	133.0	0
0	-30	133.0	135.0	2
-30	0	135.0	136.0	0
0	30	136.0	137.0	1
30	20	137.0	139.0	1
20	10	139.0	141.0	0
10	-10	141.0	142.0	2
-10	-30	142.0	145.0	1
-30	-30	145.0	147.0	2
-30	-40	147.0	150.0	1
-40	-30	150.0	151.0	2
-30	-10	151.0	153.0	0
-10	-30	153.0	155.0	1
-30	0	155.0	157.0	1
0	30	157.0	160.0	0
30	10	160.0	162.0	0
10	10	162.0	163.0	0
10	0	163.0	166.0	2
0	10	166.0	168.0	1
10	20	168.0	169.0	0
20	0	169.0	171.0	0
0	-20	171.0	172.0	2
-20	0	172.0	175.0	1
0	0	175.0	178.0	1
0	-10	178.0	181.0	2
-10	-30	181.0	183.0	1
-30	-20	183.0	184.0	1
-20	-30	184.0	187.0	0
-30	-20	187.0	190.0	1
-20	-30	190.0	192.0	2
-30	-40	192.0	194.0	1
-40	-10	194.0	196.0	2
-10	10	196.0	197.0	1
10	10	197.0	199.0	1
10	30	199.0	200.0	2
30	30	200.0	201.0	0
30	20	201.0	203.0	1
20	0	203.0	205.0	0
0	20	205.0	207.0	0
20	0	207.0	210.0	2
0	0	210.0	213.0	0
0	20	213.0	214.0	2
20	-10	214.0	217.0	0
-10	-40	217.0	220.0	1
-40	-10	220.0	222.0	0
-10	0	222.0	225.0	1
0	10	225.0	228.0	2
10	10	228.0	231.0	1
10	20	231.0	232.0	0
20	40	232.0	234.0	1
40	40	234.0	235.0	2
40	30	235.0	238.0	1
30	30	238.0	240.0	0
30	0	240.0	243.0	1
0	30	243.0	244.0	1
30	30	244.0	247.0	2
30	30	247.0	248.0	2
30	0	248.0	249.0	0
0	-20	249.0	252.0	2
-20	-10	252.0	254.0	2
-10	20	254.0	257.0	0
20	-10	257.0	259.0	1
-10	20	259.0	261.0	0
20	30	261.0	264.0	0
30	10	264.0	267.0	0
10	10	267.0	269.0	2
10	10	269.0	270.0	2
10	30	270.0	272.0	2
30	40	272.0	274.0	1
40	40	274.0	276.0	2
40	10	276.0	278.0	1
10	30	278.0	279.0	0
30	10	279.0	282.0	0
10	10	282.0	283.0	0
10	-10	283.0	284.0	1
-10	-40	284.0	285.0	1
-40	-20	285.0	288.0	0
-20	-30	288.0	291.0	0
-30	-20	291.0	294.0	0
-20	0	294.0	297.0	2
