0	0	0	2.0	0
0	-30	2.0	3.0	0
-30	-40	3.0	4.0	2
-40	-10	4.0	7.0	2
-10	10	7.0	9.0	0
10	20	9.0	11.0	2
20	-10	11.0	14.0	0
-10	20	14.0	16.0	0
20	20	16.0	18.0	0
20	20	18.0	19.0	1
20	40	19.0	20.0	0
40	40	20.0	22.0	1
40	30	22.0	24.0	1
30	20	24.0	26.0	0
20	0	26.0	28.0	1
0	0	28.0	31.0	1
0	-10	31.0	32.0	0
-10	-20	32.0	34.0	2
-20	-10	34.0	37.0	2
-10	-40	37.0	40.0	0
-40	-10	40.0	42.0	1
-10	10	42.0	43.0	0
10	30	43.0	44.0	2
30	20	44.0	46.0	1
20	0	46.0	47.0	2
0	20	47.0	50.0	2
20	-10	50.0	53.0	2
-10	20	53.0	54.0	0
20	30	54.0	55.0	2
30	20	55.0	57.0	0
20	0	57.0	59.0	2
0	-20	59.0	62.0	2
-20	0	62.0	65.0	2
0	10	65.0	68.0	0
10	10	68.0	70.0	2
10	-10	70.0	72.0	1
-10	20	72.0	73.0	2
20	40	73.0	76.0	1
40	10	76.0	79.0	0
10	30	79.0	81.0	2
30	30	81.0	82.0	1
30	30	82.0	83.0	0
30	30	83.0	86.0	1
30	40	86.0	89.0	1
40	30	89.0	92.0	2
30	0	92.0	94.0	0
0	10	94.0	95.0	0
10	30	95.0	97.0	0
30	10	97.0	99.0	0
10	40	99.0	100.0	2
40	30	100.0	102.0	2
30	30	102.0	105.0	0
30	0	105.0	108.0	1
0	10	108.0	111.0	1
10	40	111.0	113.0	1
40	20	113.0	115.0	2
20	30	115.0	118.0	1
30	40	118.0	119.0	1
40	10	119.0	122.0	2
10	40	122.0	125.0	2
40	30	125.0	126.0	0
30	0	126.0	127.0	0
0	10	127.0	128.0	2
10	40	128.0	130.0	2
40	40	130.0	131.0	2
40	40	131.0	132.0	2
40	10	132.0	134.0	0
10	40	134.0	136.0	0
40	40	136.0	137.0	0
40	40	137.0	138.0	1
40	20	138.0	140.0	2
20	20	140.0	141.0	0
20	40	141.0	143.0	0
40	20	143.0	146.0	2
20	20	146.0	147.0	2
20	40	147.0	148.0	0
40	10	148.0	151.0	1
10	10	151.0	152.0	0
10	10	152.0	154.0	0
10	40	154.0	156.0	0
40	20	156.0	158.0	2
20	0	158.0	161.0	0
0	-20	161.0	162.0	0
-20	-20	162.0	164.0	2
-20	-20	164.0	165.0	0
-20	-30	165.0	168.0	0
-30	0	168.0	169.0	1
0	0	169.0	170.0	0
0	-30	170.0	173.0	1
-30	-20	173.0	176.0	1
-20	0	176.0	179.0	0
0	-30	179.0	180.0	2
-30	0	180.0	183.0	2
0	-30	183.0	184.0	1
-30	-40	184.0	186.0	0
-40	-10	186.0	188.0	2
-10	10	188.0	191.0	0
10	10	191.0	194.0	0
10	-10	194.0	197.0	0
-10	0	197.0	199.0	1
0	-20	199.0	202.0	0
-20	-10	202.0	203.0	0
-10	20	203.0	205.0	0
20	-10	205.0	208.0	2
-10	-10	208.0	210.0	0
-10	-40	210.0	211.0	0
-40	-20	211.0	213.0	2
-20	-30	213.0	216.0	0
-30	-40	216.0	218.0	0
-40	-40	218.0	220.0	0
-40	-40	220.0	222.0	2
-40	-20	222.0	225.0	2
-20	-10	225.0	227.0	1
-10	-20	227.0	228.0	2
-20	10	228.0	230.0	2
10	-10	230.0	233.0	2
-10	10	233.0	234.0	0
10	30	234.0	236.0	0
30	10	236.0	237.0	1
10	40	237.0	240.0	2
40	20	240.0	242.0	2
20	0	242.0	245.0	1
0	30	245.0	248.0	0
30	20	248.0	250.0	1
20	0	250.0	253.0	2
0	20	253.0	256.0	1
20	40	256.0	259.0	1
40	30	259.0	260.0	1
30	0	260.0	261.0	0
0	20	261.0	263.0	1
20	20	263.0	266.0	2
20	-10	266.0	269.0	2
-10	-30	269.0	272.0	2
-30	-40	272.0	273.0	0
-40	-40	273.0	275.0	0
-40	-30	275.0	278.0	0
-30	-10	278.0	280.0	1
-10	-10	280.0	283.0	0
-10	-20	283.0	284.0	2
-20	10	284.0	286.0	0
10	20	286.0	288.0	0
20	-10	288.0	289.0	2
-10	-30	289.0	292.0	0
-30	0	292.0	294.0	2
0	10	294.0	296.0	1
10	20	296.0	297.0	1
20	20	297.0	299.0	1
