0	0	0	2.0	0
0	30	2.0	5.0	0
30	20	5.0	8.0	0
20	20	8.0	9.0	2
20	-10	9.0	11.0	2
-10	-20	11.0	12.0	1
-20	-30	12.0	14.0	2
-30	-10	14.0	16.0	2
-10	-40	16.0	17.0	0
-40	-30	17.0	20.0	1
-30	-40	20.0	22.0	2
-40	-10	22.0	24.0	0
-10	-20	24.0	27.0	1
-20	0	27.0	30.0	1
0	-10	30.0	32.0	1
-10	-10	32.0	35.0	2
-10	-40	35.0	37.0	1
-40	-10	37.0	40.0	1
-10	-10	40.0	42.0	2
-10	-40	42.0	44.0	2
-40	-10	44.0	47.0	0
-10	0	47.0	50.0	1
0	10	50.0	53.0	2
10	20	53.0	55.0	2
20	0	55.0	57.0	1
0	-20	57.0	59.0	1
-20	-10	59.0	61.0	0
-10	0	61.0	64.0	2
0	30	64.0	67.0	2
30	20	67.0	68.0	0
20	20	68.0	71.0	1
20	40	71.0	72.0	0
40	40	72.0	74.0	0
40	40	74.0	75.0	2
40	20	75.0	76.0	1
20	-10	76.0	78.0	2
-10	-40	78.0	80.0	2
-40	-10	80.0	83.0	0
-10	-10	83.0	86.0	1
-10	0	86.0	87.0	0
0	-30	87.0	89.0	0
-30	-10	89.0	91.0	2
-10	0	91.0	92.0	1
0	-10	92.0	94.0	1
-10	-20	94.0	97.0	2
-20	0	97.0	100.0	0
0	-20	100.0	103.0	0
-20	0	103.0	105.0	1
0	-10	105.0	107.0	0
-10	10	107.0	109.0	2
10	-20	109.0	111.0	0
-20	-40	111.0	113.0	0
-40	-30	113.0	114.0	1
-30	-20	114.0	117.0	0
-20	0	117.0	118.0	0
0	30	118.0	119.0	2
30	0	119.0	120.0	0
0	-20	120.0	123.0	1
-20	-30	123.0	124.0	2
-30	0	124.0	126.0	2
0	-20	126.0	128.0	0
-20	0	128.0	131.0	1
0	30	131.0	134.0	0
30	10	134.0	135.0	0
10	40	135.0	137.0	1
40	40	137.0	138.0	1
40	30	138.0	141.0	2
30	10	141.0	142.0	2
10	40	142.0	143.0	0
40	10	143.0	144.0	0
10	40	144.0	147.0	1
40	20	147.0	149.0	2
20	0	149.0	151.0	0
0	10	151.0	153.0	1
10	40	153.0	154.0	1
40	20	154.0	156.0	2
20	20	156.0	158.0	2
20	-10	158.0	159.0	1
-10	-10	159.0	160.0	1
-10	-30	160.0	161.0	0
-30	-20	161.0	164.0	0
-20	-20	164.0	166.0	2
-20	-10	166.0	167.0	1
-10	0	167.0	168.0	0
0	20	168.0	171.0	2
20	10	171.0	172.0	0
10	20	172.0	174.0	2
20	40	174.0	177.0	2
40	30	177.0	180.0	2
30	20	180.0	183.0	1
20	30	183.0	184.0	2
30	40	184.0	185.0	0
40	30	185.0	186.0	2
30	10	186.0	187.0	0
10	0	187.0	190.0	2
0	-10	190.0	192.0	0
-10	20	192.0	193.0	2
20	0	193.0	194.0	1
0	-20	194.0	195.0	1
-20	-30	195.0	198.0	0
-30	-10	198.0	200.0	1
-10	20	200.0	201.0	1
20	20	201.0	203.0	0
20	40	203.0	205.0	2
40	10	205.0	206.0	2
10	20	206.0	208.0	1
20	-10	208.0	210.0	0
-10	0	210.0	211.0	2
0	30	211.0	213.0	2
30	20	213.0	216.0	1
20	10	216.0	219.0	1
10	40	219.0	221.0	1
40	40	221.0	222.0	0
40	20	222.0	224.0	0
20	20	224.0	225.0	0
20	-10	225.0	227.0	0
-10	-10	227.0	229.0	2
-10	0	229.0	230.0	1
0	-20	230.0	231.0	0
-20	10	231.0	232.0	1
10	0	232.0	234.0	0
0	0	234.0	236.0	0
0	-10	236.0	239.0	1
-10	-20	239.0	242.0	0
-20	-10	242.0	244.0	1
-10	0	244.0	245.0	1
0	-30	245.0	246.0	0
-30	-10	246.0	247.0	2
-10	0	247.0	250.0	2
0	0	250.0	251.0	1
0	0	251.0	253.0	1
0	-10	253.0	256.0	2
-10	-20	256.0	257.0	1
-20	-10	257.0	260.0	2
-10	20	260.0	263.0	0
20	-10	263.0	265.0	0
-10	0	265.0	267.0	2
0	-30	267.0	270.0	0
-30	-30	270.0	272.0	1
-30	-30	272.0	274.0	1
-30	-20	274.0	275.0	2
-20	-30	275.0	276.0	0
-30	-40	276.0	278.0	1
-40	-20	278.0	279.0	0
-20	0	279.0	280.0	0
0	20	280.0	281.0	1
20	0	281.0	284.0	1
0	-10	284.0	286.0	2
-10	20	286.0	288.0	0
20	20	288.0	291.0	0
20	10	291.0	292.0	0
10	0	292.0	293.0	0
0	-10	293.0	294.0	0
-10	-40	294.0	296.0	2
-40	-40	296.0	297.0	0
