0	0	0	2.0	0
0	-20	2.0	4.0	2
-20	0	4.0	5.0	0
0	10	5.0	6.0	0
10	40	6.0	7.0	2
40	40	7.0	8.0	0
40	40	8.0	11.0	2
40	40	11.0	13.0	2
40	20	13.0	15.0	0
20	10	15.0	16.0	1
10	-20	16.0	17.0	1
-20	-20	17.0	20.0	2
-20	-20	20.0	21.0	0
-20	-30	21.0	23.0	0
-30	-10	23.0	24.0	2
-10	20	24.0	26.0	0
20	-10	26.0	29.0	0
-10	-10	29.0	32.0	1
-10	-20	32.0	34.0	1
-20	-10	34.0	35.0	1
-10	0	35.0	37.0	2
0	-20	37.0	40.0	2
-20	10	40.0	42.0	1
10	-10	42.0	43.0	0
-10	0	43.0	46.0	0
0	-20	46.0	47.0	2
-20	0	47.0	48.0	2
0	-30	48.0	49.0	2
-30	-20	49.0	52.0	2
-20	-10	52.0	55.0	0
-10	20	55.0	57.0	1
20	-10	57.0	58.0	1
-10	-40	58.0	61.0	0
-40	-30	61.0	63.0	1
-30	-20	63.0	64.0	0
-20	-30	64.0	67.0	2
-30	-30	67.0	69.0	2
-30	-10	69.0	72.0	0
-10	20	72.0	75.0	2
20	10	75.0	78.0	1
10	40	78.0	81.0	0
40	30	81.0	84.0	2
30	0	84.0	86.0	0
0	-10	86.0	88.0	2
-10	10	88.0	91.0	2
10	0	91.0	94.0	0
0	10	94.0	97.0	0
10	30	97.0	98.0	1
30	20	98.0	100.0	0
20	10	100.0	103.0	0
10	0	103.0	106.0	2
0	10	106.0	108.0	1
10	-10	108.0	110.0	2
-10	-20	110.0	113.0	1
-20	-30	113.0	114.0	1
-30	-10	114.0	117.0	0
-10	-10	117.0	119.0	1
-10	10	119.0	120.0	2
10	30	120.0	123.0	2
30	20	123.0	124.0	1
20	40	124.0	127.0	2
40	10	127.0	130.0	1
10	40	130.0	132.0	1
40	30	132.0	135.0	0
30	20	135.0	136.0	2
20	10	136.0	139.0	1
10	0	139.0	140.0	1
0	30	140.0	141.0	0
30	0	141.0	142.0	0
0	-30	142.0	143.0	0
-30	-20	143.0	145.0	0
-20	10	145.0	148.0	1
10	-10	148.0	150.0	0
-10	-30	150.0	152.0	0
-30	-40	152.0	155.0	1
-40	-20	155.0	158.0	1
-20	-10	158.0	160.0	1
-10	-20	160.0	163.0	2
-20	-20	163.0	166.0	1
-20	-30	166.0	169.0	1
-30	-10	169.0	170.0	1
-10	-20	170.0	171.0	2
-20	-10	171.0	174.0	1
-10	-40	174.0	177.0	1
-40	-30	177.0	178.0	2
-30	-10	178.0	180.0	2
-10	0	180.0	183.0	1
0	-20	183.0	184.0	2
-20	0	184.0	187.0	0
0	20	187.0	189.0	2
20	20	189.0	191.0	1
20	-10	191.0	193.0	2
-10	10	193.0	196.0	2
10	-20	196.0	197.0	1
-20	-10	197.0	198.0	2
-10	20	198.0	199.0	0
20	30	199.0	202.0	1
30	40	202.0	205.0	1
40	10	205.0	206.0	2
10	30	206.0	209.0	0
30	30	209.0	212.0	1
30	10	212.0	213.0	1
10	40	213.0	214.0	0
40	10	214.0	217.0	0
10	30	217.0	219.0	1
30	10	219.0	221.0	1
10	-20	221.0	222.0	2
-20	-30	222.0	223.0	1
-30	0	223.0	225.0	2
0	-10	225.0	228.0	2
-10	0	228.0	231.0	1
0	0	231.0	233.0	0
0	30	233.0	235.0	1
30	0	235.0	237.0	1
0	-10	237.0	238.0	2
-10	20	238.0	240.0	0
20	10	240.0	241.0	2
10	0	241.0	243.0	2
0	0	243.0	246.0	2
0	-10	246.0	249.0	2
-10	0	249.0	250.0	2
0	30	250.0	251.0	2
30	20	251.0	253.0	2
20	10	253.0	255.0	0
10	0	255.0	257.0	0
0	10	257.0	259.0	0
10	40	259.0	260.0	2
40	40	260.0	263.0	2
40	10	263.0	266.0	0
10	-10	266.0	268.0	1
-10	0	268.0	271.0	0
0	20	271.0	272.0	2
20	0	272.0	275.0	2
0	0	275.0	277.0	2
0	0	277.0	278.0	1
0	-30	278.0	279.0	2
-30	-40	279.0	282.0	1
-40	-30	282.0	285.0	2
-30	-20	285.0	286.0	1
-20	-30	286.0	289.0	1
-30	-30	289.0	291.0	2
-30	-10	291.0	294.0	2
-10	0	294.0	295.0	0
0	20	295.0	298.0	2
