0	0	0	2.0	0
0	20	2.0	4.0	1
20	30	4.0	7.0	2
30	20	7.0	8.0	1
20	40	8.0	10.0	2
40	20	10.0	12.0	0
20	0	12.0	14.0	1
0	0	14.0	17.0	1
0	30	17.0	19.0	0
30	20	19.0	22.0	0
20	40	22.0	24.0	1
40	10	24.0	26.0	0
10	40	26.0	27.0	2
40	10	27.0	30.0	2
10	0	30.0	31.0	2
0	-20	31.0	32.0	2
-20	-40	32.0	34.0	0
-40	-10	34.0	37.0	0
-10	20	37.0	39.0	1
20	-10	39.0	41.0	1
-10	-10	41.0	42.0	0
-10	-40	42.0	44.0	2
-40	-10	44.0	47.0	0
-10	10	47.0	49.0	1
10	0	49.0	51.0	1
0	30	51.0	52.0	0
30	20	52.0	55.0	2
20	40	55.0	57.0	0
40	40	57.0	60.0	1
40	10	60.0	63.0	1
10	40	63.0	66.0	0
40	20	66.0	68.0	1
20	-10	68.0	70.0	2
-10	0	70.0	72.0	1
0	-30	72.0	75.0	0
-30	-40	75.0	76.0	2
-40	-30	76.0	77.0	2
-30	-30	77.0	80.0	1
-30	-20	80.0	81.0	2
-20	-30	81.0	82.0	1
-30	-40	82.0	83.0	0
-40	-10	83.0	85.0	2
-10	-40	85.0	87.0	1
-40	-20	87.0	88.0	1
-20	-20	88.0	90.0	2
-20	0	90.0	93.0	0
0	10	93.0	94.0	1
10	20	94.0	95.0	2
20	0	95.0	96.0	0
0	0	96.0	99.0	0
0	-20	99.0	100.0	2
-20	-20	100.0	101.0	2
-20	0	101.0	104.0	0
0	-20	104.0	105.0	0
-20	-20	105.0	106.0	0
-20	-10	106.0	107.0	2
-10	10	107.0	109.0	1
10	-10	109.0	112.0	2
-10	20	112.0	113.0	2
20	0	113.0	115.0	2
0	-10	115.0	118.0	0
-10	10	118.0	121.0	2
10	10	121.0	122.0	1
10	10	122.0	124.0	1
10	20	124.0	125.0	0
20	0	125.0	128.0	0
0	10	128.0	130.0	0
10	40	130.0	131.0	0
40	40	131.0	132.0	0
40	30	132.0	133.0	0
30	10	133.0	136.0	0
10	30	136.0	137.0	2
30	10	137.0	139.0	2
10	10	139.0	142.0	0
10	-10	142.0	143.0	0
-10	-30	143.0	144.0	0
-30	-40	144.0	145.0	2
-40	-40	145.0	147.0	1
-40	-20	147.0	150.0	0
-20	10	150.0	153.0	2
10	10	153.0	155.0	0
10	-20	155.0	157.0	2
-20	0	157.0	159.0	0
0	0	159.0	162.0	1
0	0	162.0	165.0	0
0	30	165.0	166.0	2
30	20	166.0	168.0	1
20	40	168.0	171.0	0
40	20	171.0	173.0	2
20	20	173.0	174.0	0
20	40	174.0	175.0	2
40	30	175.0	177.0	1
30	10	177.0	180.0	2
10	-20	180.0	181.0	2
-20	0	181.0	183.0	1
0	10	183.0	186.0	1
10	-10	186.0	189.0	2
-10	20	189.0	191.0	0
20	10	191.0	194.0	2
10	30	194.0	196.0	0
30	10	196.0	199.0	2
10	0	199.0	200.0	1
0	-20	200.0	201.0	1
-20	10	201.0	204.0	2
10	0	204.0	206.0	1
0	0	206.0	207.0	1
0	10	207.0	210.0	1
10	-20	210.0	211.0	1
-20	-30	211.0	213.0	0
-30	-30	213.0	216.0	1
-30	0	216.0	217.0	0
0	-20	217.0	218.0	1
-20	-20	218.0	219.0	2
-20	-40	219.0	222.0	0
-40	-40	222.0	225.0	0
-40	-20	225.0	227.0	2
-20	0	227.0	230.0	0
0	30	230.0	232.0	1
30	10	232.0	233.0	1
10	-10	233.0	234.0	2
-10	-30	234.0	235.0	0
-30	-40	235.0	236.0	1
-40	-30	236.0	239.0	0
-30	-20	239.0	242.0	2
-20	-10	242.0	245.0	0
-10	-40	245.0	247.0	2
-40	-10	247.0	248.0	0
-10	0	248.0	250.0	2
0	20	250.0	253.0	2
20	-10	253.0	255.0	1
-10	-10	255.0	257.0	1
-10	0	257.0	258.0	0
0	0	258.0	260.0	0
0	30	260.0	263.0	0
30	10	263.0	266.0	2
10	0	266.0	267.0	2
0	30	267.0	269.0	0
30	30	269.0	272.0	2
30	30	272.0	273.0	0
30	20	273.0	275.0	1
20	10	275.0	276.0	2
10	-20	276.0	277.0	0
-20	-30	277.0	280.0	1
-30	0	280.0	281.0	0
0	0	281.0	282.0	2
0	-10	282.0	283.0	2
-10	-20	283.0	286.0	2
-20	-40	286.0	288.0	1
-40	-40	288.0	289.0	0
-40	-20	289.0	292.0	1
-20	-40	292.0	295.0	1
-40	-10	295.0	296.0	1
-10	10	296.0	299.0	0
