0	0	0	2.0	0
0	0	2.0	4.0	0
0	-20	4.0	5.0	2
-20	-40	5.0	6.0	1
-40	-20	6.0	8.0	1
-20	0	8.0	10.0	0
0	-20	10.0	13.0	1
-20	-40	13.0	14.0	2
-40	-20	14.0	16.0	2
-20	-40	16.0	19.0	0
-40	-20	19.0	21.0	1
-20	-30	21.0	23.0	0
-30	-10	23.0	26.0	1
-10	-40	26.0	27.0	1
-40	-30	27.0	28.0	0
-30	-30	28.0	31.0	2
-30	-10	31.0	34.0	2
-10	-40	34.0	35.0	0
-40	-10	35.0	38.0	2
-10	-10	38.0	39.0	1
-10	-40	39.0	41.0	2
-40	-30	41.0	44.0	2
-30	-20	44.0	45.0	0
-20	0	45.0	48.0	1
0	10	48.0	50.0	0
10	20	50.0	52.0	1
20	10	52.0	55.0	2
10	0	55.0	56.0	2
0	-20	56.0	57.0	2
-20	10	57.0	59.0	0
10	10	59.0	61.0	0
10	40	61.0	62.0	1
40	20	62.0	64.0	0
20	0	64.0	66.0	0
0	-10	66.0	68.0	2
-10	-20	68.0	69.0	1
-20	10	69.0	72.0	0
10	10	72.0	73.0	0
10	-20	73.0	76.0	2
-20	-30	76.0	77.0	1
-30	-30	77.0	79.0	0
-30	-10	79.0	82.0	1
-10	-10	82.0	83.0	0
-10	-30	83.0	86.0	0
-30	-20	86.0	88.0	1
-20	-10	88.0	90.0	0
-10	-40	90.0	91.0	2
-40	-30	91.0	93.0	0
-30	-30	93.0	95.0	0
-30	0	95.0	98.0	0
0	20	98.0	99.0	1
20	0	99.0	100.0	1
0	-30	100.0	103.0	2
-30	-20	103.0	105.0	0
-20	-10	105.0	106.0	1
-10	0	106.0	107.0	2
0	10	107.0	109.0	1
10	20	109.0	112.0	2
20	-10	112.0	114.0	0
-10	0	114.0	115.0	1
0	-30	115.0	117.0	2
-30	0	117.0	118.0	0
0	30	118.0	119.0	2
30	40	119.0	122.0	0
40	30	122.0	125.0	0
30	10	125.0	127.0	2
10	10	127.0	128.0	2
10	0	128.0	129.0	0
0	30	129.0	130.0	1
30	10	130.0	133.0	1
10	-10	133.0	134.0	2
-10	-40	134.0	137.0	1
-40	-20	137.0	139.0	2
-20	-40	139.0	140.0	0
-40	-30	140.0	143.0	2
-30	0	143.0	146.0	0
0	30	146.0	148.0	2
30	0	148.0	150.0	1
0	-20	150.0	151.0	2
-20	-30	151.0	153.0	2
-30	-40	153.0	154.0	0
-40	-40	154.0	157.0	1
-40	-40	157.0	158.0	0
-40	-10	158.0	160.0	1
-10	20	160.0	162.0	1
20	0	162.0	164.0	0
0	10	164.0	166.0	2
10	-10	166.0	168.0	2
-10	-20	168.0	169.0	2
-20	-10	169.0	172.0	2
-10	-30	172.0	174.0	2
-30	-20	174.0	177.0	0
-20	0	177.0	178.0	0
0	-20	178.0	179.0	0
-20	-40	179.0	181.0	1
-40	-30	181.0	184.0	2
-30	-30	184.0	185.0	1
-30	-10	185.0	188.0	2
-10	-20	188.0	189.0	0
-20	-40	189.0	192.0	1
-40	-30	192.0	195.0	2
-30	-30	195.0	198.0	1
-30	-20	198.0	199.0	0
-20	-30	199.0	202.0	2
-30	-30	202.0	204.0	2
-30	0	204.0	205.0	2
0	-20	205.0	207.0	0
-20	-20	207.0	208.0	2
-20	-40	208.0	211.0	0
-40	-10	211.0	212.0	1
-10	0	212.0	213.0	1
0	30	213.0	216.0	1
30	20	216.0	218.0	0
20	30	218.0	220.0	1
30	10	220.0	222.0	0
10	30	222.0	224.0	0
30	10	224.0	225.0	0
10	0	225.0	228.0	2
0	30	228.0	230.0	1
30	40	230.0	232.0	2
40	20	232.0	233.0	1
20	20	233.0	236.0	0
20	0	236.0	239.0	0
0	-20	239.0	242.0	1
-20	-30	242.0	245.0	0
-30	-20	245.0	247.0	2
-20	-30	247.0	249.0	1
-30	-40	249.0	252.0	1
-40	-30	252.0	255.0	1
-30	-40	255.0	256.0	2
-40	-40	256.0	258.0	0
-40	-40	258.0	260.0	1
-40	-30	260.0	263.0	1
-30	0	263.0	265.0	2
0	-10	265.0	267.0	1
-10	10	267.0	268.0	2
10	10	268.0	269.0	1
10	-20	269.0	271.0	1
-20	-20	271.0	272.0	2
-20	-40	272.0	273.0	0
-40	-20	273.0	274.0	0
-20	-20	274.0	276.0	0
-20	-20	276.0	277.0	1
-20	-10	277.0	278.0	0
-10	-20	278.0	279.0	2
-20	10	279.0	281.0	2
10	10	281.0	284.0	1
10	10	284.0	285.0	0
10	30	285.0	286.0	2
30	10	286.0	288.0	1
10	30	288.0	291.0	0
30	20	291.0	294.0	2
20	30	294.0	296.0	0
30	40	296.0	298.0	2
40	30	298.0	299.0	0
