0	0	0	2.0	0
0	-30	2.0	5.0	2
-30	-40	5.0	8.0	2
-40	-30	8.0	10.0	2
-30	-10	10.0	13.0	0
-10	20	13.0	14.0	1
20	30	14.0	16.0	0
30	0	16.0	19.0	2
0	10	19.0	22.0	0
10	40	22.0	23.0	2
40	30	23.0	25.0	0
30	30	25.0	26.0	0
30	30	26.0	27.0	1
30	0	27.0	28.0	0
0	-10	28.0	29.0	1
-10	-20	29.0	32.0	1
-20	-40	32.0	34.0	1
-40	-20	34.0	36.0	2
-20	-30	36.0	37.0	1
-30	-20	37.0	40.0	1
-20	0	40.0	43.0	2
0	-10	43.0	44.0	2
-10	-20	44.0	45.0	0
-20	-20	45.0	46.0	0
-20	-30	46.0	48.0	2
-30	-30	48.0	50.0	1
-30	-30	50.0	51.0	1
-30	-10	51.0	52.0	1
-10	-20	52.0	54.0	0
-20	-20	54.0	55.0	2
-20	-20	55.0	57.0	0
-20	-30	57.0	59.0	0
-30	-30	59.0	62.0	1
-30	-30	62.0	64.0	0
-30	-40	64.0	65.0	1
-40	-30	65.0	67.0	2
-30	-40	67.0	69.0	2
-40	-40	69.0	71.0	0
-40	-20	71.0	74.0	2
-20	10	74.0	76.0	2
10	30	76.0	77.0	1
30	40	77.0	80.0	0
40	20	80.0	82.0	2
20	0	82.0	84.0	0
0	-10	84.0	87.0	2
-10	-30	87.0	88.0	1
-30	0	88.0	89.0	0
0	-30	89.0	92.0	2
-30	-20	92.0	95.0	1
-20	-20	95.0	96.0	1
-20	10	96.0	99.0	1
10	0	99.0	101.0	0
0	20	101.0	103.0	2
20	0	103.0	104.0	1
0	-20	104.0	107.0	0
-20	-20	107.0	109.0	1
-20	-30	109.0	111.0	1
-30	-20	111.0	112.0	0
-20	-20	112.0	115.0	0
-20	10	115.0	118.0	2
10	-20	118.0	120.0	0
-20	10	120.0	122.0	0
10	40	122.0	123.0	1
40	10	123.0	125.0	1
10	0	125.0	127.0	1
0	-10	127.0	130.0	1
-10	-30	130.0	133.0	2
-30	-20	133.0	134.0	2
-20	-30	134.0	137.0	2
-30	0	137.0	138.0	2
0	-10	138.0	140.0	2
-10	-30	140.0	143.0	2
-30	-20	143.0	146.0	0
-20	10	146.0	147.0	1
10	-10	147.0	150.0	0
-10	-20	150.0	152.0	2
-20	-40	152.0	154.0	0
-40	-20	154.0	156.0	2
-20	10	156.0	159.0	0
10	20	159.0	160.0	1
20	20	160.0	161.0	2
20	10	161.0	162.0	0
10	20	162.0	164.0	1
20	20	164.0	166.0	0
20	40	166.0	168.0	2
40	20	168.0	171.0	1
20	0	171.0	172.0	1
0	30	172.0	173.0	2
30	0	173.0	175.0	1
0	20	175.0	178.0	0
20	20	178.0	179.0	1
20	0	179.0	180.0	2
0	0	180.0	183.0	2
0	30	183.0	185.0	0
30	30	185.0	186.0	0
30	10	186.0	189.0	0
10	20	189.0	190.0	1
20	-10	190.0	191.0	2
-10	-10	191.0	193.0	0
-10	-40	193.0	195.0	1
-40	-30	195.0	198.0	1
-30	-40	198.0	200.0	2
-40	-30	200.0	201.0	2
-30	-30	201.0	202.0	1
-30	-30	202.0	205.0	2
-30	-10	205.0	208.0	1
-10	10	208.0	210.0	2
10	30	210.0	213.0	2
30	30	213.0	214.0	2
30	40	214.0	215.0	1
40	40	215.0	216.0	0
40	20	216.0	218.0	1
20	10	218.0	219.0	2
10	0	219.0	222.0	1
0	-20	222.0	224.0	2
-20	0	224.0	226.0	2
0	-30	226.0	229.0	1
-30	-40	229.0	232.0	1
-40	-30	232.0	235.0	0
-30	-20	235.0	237.0	0
-20	-10	237.0	238.0	0
-10	-20	238.0	240.0	0
-20	-20	240.0	241.0	1
-20	0	241.0	243.0	2
0	-30	243.0	244.0	0
-30	-30	244.0	245.0	2
-30	-10	245.0	247.0	0
-10	20	247.0	250.0	1
20	20	250.0	252.0	0
20	10	252.0	253.0	2
10	10	253.0	256.0	1
10	30	256.0	259.0	0
30	40	259.0	260.0	0
40	30	260.0	262.0	2
30	40	262.0	263.0	2
40	10	263.0	264.0	2
10	0	264.0	265.0	1
0	10	265.0	266.0	2
10	-20	266.0	269.0	0
-20	-30	269.0	270.0	2
-30	-40	270.0	271.0	2
-40	-20	271.0	273.0	2
-20	-30	273.0	276.0	0
-30	-30	276.0	277.0	0
-30	-10	277.0	278.0	0
-10	-20	278.0	280.0	2
-20	-20	280.0	282.0	1
-20	-40	282.0	285.0	1
-40	-30	285.0	286.0	1
-30	0	286.0	288.0	1
0	20	288.0	289.0	1
20	30	289.0	291.0	1
30	0	291.0	294.0	0
0	-10	294.0	295.0	1
-10	0	295.0	296.0	0
0	30	296.0	297.0	0
30	20	297.0	298.0	0
20	30	298.0	299.0	0
