0	0	0	2.0	0
0	0	2.0	3.0	2
0	-30	3.0	5.0	1
-30	0	5.0	7.0	0
0	20	7.0	9.0	1
20	-10	9.0	12.0	1
-10	-10	12.0	15.0	1
-10	20	15.0	18.0	2
20	40	18.0	19.0	0
40	30	19.0	20.0	2
30	20	20.0	21.0	0
20	0	21.0	24.0	1
0	0	24.0	26.0	1
0	20	26.0	28.0	2
20	20	28.0	30.0	1
20	40	30.0	32.0	1
40	40	32.0	35.0	2
40	20	35.0	37.0	0
20	30	37.0	39.0	1
30	0	39.0	42.0	0
0	0	42.0	44.0	1
0	10	44.0	47.0	1
10	-20	47.0	49.0	1
-20	0	49.0	52.0	0
0	-30	52.0	54.0	1
-30	-10	54.0	56.0	2
-10	20	56.0	59.0	2
20	40	59.0	62.0	1
40	20	62.0	63.0	2
20	0	63.0	66.0	1
0	0	66.0	67.0	1
0	10	67.0	69.0	1
10	10	69.0	72.0	2
10	-20	72.0	74.0	1
-20	-40	74.0	76.0	2
-40	-30	76.0	78.0	0
-30	-10	78.0	81.0	1
-10	10	81.0	82.0	1
10	0	82.0	85.0	0
0	0	85.0	86.0	2
0	10	86.0	88.0	2
10	30	88.0	90.0	1
30	20	90.0	93.0	2
20	-10	93.0	96.0	2
-10	-30	96.0	98.0	2
-30	-20	98.0	99.0	0
-20	-10	99.0	100.0	1
-10	10	100.0	101.0	2
10	-20	101.0	103.0	1
-20	-40	103.0	106.0	2
-40	-10	106.0	108.0	2
-10	0	108.0	111.0	1
0	-10	111.0	114.0	2
-10	-30	114.0	117.0	2
-30	-30	117.0	118.0	2
-30	-30	118.0	121.0	2
-30	-30	121.0	124.0	1
-30	-30	124.0	127.0	0
-30	0	127.0	129.0	1
0	-30	129.0	131.0	0
-30	-10	131.0	133.0	1
-10	-20	133.0	135.0	0
-20	-10	135.0	138.0	1
-10	-40	138.0	141.0	1
-40	-10	141.0	142.0	0
-10	-40	142.0	143.0	0
-40	-20	143.0	145.0	0
-20	-30	145.0	148.0	0
-30	-30	148.0	150.0	0
-30	-10	150.0	152.0	1
-10	-10	152.0	153.0	2
-10	0	153.0	155.0	0
0	30	155.0	156.0	1
30	10	156.0	158.0	0
10	20	158.0	159.0	0
20	40	159.0	161.0	0
40	40	161.0	163.0	0
40	10	163.0	166.0	0
10	20	166.0	168.0	0
20	30	168.0	170.0	1
30	20	170.0	171.0	2
20	40	171.0	172.0	1
40	10	172.0	174.0	0
10	-20	174.0	177.0	2
-20	0	177.0	178.0	2
0	30	178.0	179.0	2
30	20	179.0	181.0	1
20	40	181.0	183.0	2
40	20	183.0	185.0	0
20	10	185.0	186.0	0
10	20	186.0	189.0	2
20	0	189.0	190.0	2
0	-10	190.0	192.0	0
-10	20	192.0	195.0	0
20	40	195.0	196.0	2
40	10	196.0	198.0	0
10	20	198.0	201.0	0
20	0	201.0	202.0	2
0	20	202.0	203.0	0
20	0	203.0	204.0	1
0	0	204.0	207.0	1
0	-10	207.0	209.0	2
-10	10	209.0	211.0	0
10	30	211.0	214.0	2
30	10	214.0	216.0	2
10	20	216.0	217.0	2
20	40	217.0	219.0	2
40	20	219.0	221.0	2
20	20	221.0	224.0	1
20	30	224.0	226.0	2
30	20	226.0	229.0	0
20	-10	229.0	232.0	1
-10	-40	232.0	234.0	0
-40	-10	234.0	235.0	2
-10	0	235.0	236.0	0
0	20	236.0	239.0	0
20	30	239.0	242.0	1
30	30	242.0	244.0	1
30	30	244.0	246.0	0
30	30	246.0	248.0	2
30	10	248.0	250.0	1
10	0	250.0	252.0	0
0	0	252.0	253.0	1
0	-10	253.0	255.0	0
-10	-40	255.0	257.0	2
-40	-20	257.0	260.0	1
-20	-30	260.0	263.0	0
-30	-30	263.0	265.0	0
-30	-30	265.0	266.0	0
-30	0	266.0	267.0	2
0	20	267.0	270.0	2
20	30	270.0	271.0	1
30	0	271.0	273.0	0
0	0	273.0	274.0	2
0	10	274.0	277.0	2
10	0	277.0	280.0	2
0	20	280.0	283.0	0
20	-10	283.0	285.0	1
-10	0	285.0	286.0	2
0	-30	286.0	289.0	0
-30	-30	289.0	292.0	2
-30	-40	292.0	293.0	1
-40	-30	293.0	296.0	0
-30	-20	296.0	298.0	0
