0	0	0	2.0	0
0	10	2.0	3.0	2
10	10	3.0	5.0	0
10	0	5.0	6.0	0
0	20	6.0	7.0	2
20	20	7.0	8.0	2
20	-10	8.0	11.0	2
-10	-30	11.0	12.0	2
-30	0	12.0	13.0	2
0	10	13.0	14.0	1
10	-10	14.0	17.0	0
-10	-20	17.0	20.0	2
-20	-10	20.0	21.0	0
-10	20	21.0	23.0	2
20	40	23.0	26.0	1
40	30	26.0	28.0	1
30	10	28.0	30.0	0
10	0	30.0	31.0	0
0	-10	31.0	34.0	2
-10	0	34.0	35.0	1
0	20	35.0	36.0	1
20	30	36.0	39.0	2
30	30	39.0	41.0	0
30	0	41.0	42.0	1
0	0	42.0	45.0	0
0	-30	45.0	48.0	1
-30	-20	48.0	49.0	1
-20	-20	49.0	52.0	0
-20	0	52.0	55.0	2
0	10	55.0	58.0	0
10	-10	58.0	61.0	2
-10	-30	61.0	64.0	0
-30	-20	64.0	66.0	2
-20	-20	66.0	69.0	0
-20	10	69.0	72.0	0
10	-10	72.0	73.0	0
-10	-10	73.0	76.0	2
-10	-20	76.0	77.0	2
-20	-10	77.0	80.0	1
-10	-40	80.0	82.0	0
-40	-10	82.0	84.0	2
-10	20	84.0	87.0	1
20	-10	87.0	88.0	2
-10	0	88.0	90.0	1
0	0	90.0	93.0	2
0	20	93.0	96.0	0
20	-10	96.0	99.0	1
-10	-10	99.0	100.0	1
-10	20	100.0	101.0	0
20	0	101.0	104.0	2
0	-10	104.0	107.0	0
-10	10	107.0	108.0	2
10	30	108.0	111.0	2
30	0	111.0	113.0	2
0	0	113.0	115.0	0
0	20	115.0	116.0	0
20	-10	116.0	117.0	2
-10	-40	117.0	120.0	0
-40	-30	120.0	122.0	1
-30	-10	122.0	125.0	0
-10	-20	125.0	127.0	1
-20	-40	127.0	128.0	1
-40	-20	128.0	130.0	1
-20	0	130.0	133.0	2
0	-30	133.0	134.0	0
-30	0	134.0	137.0	0
0	0	137.0	139.0	0
0	30	139.0	140.0	1
30	0	140.0	141.0	0
0	0	141.0	142.0	0
0	-30	142.0	144.0	2
-30	-30	144.0	146.0	2
-30	-10	146.0	147.0	2
-10	-40	147.0	149.0	0
-40	-20	149.0	150.0	2
-20	-30	150.0	151.0	2
-30	0	151.0	154.0	2
0	20	154.0	156.0	2
20	0	156.0	159.0	1
0	-10	159.0	160.0	1
-10	10	160.0	162.0	0
10	-20	162.0	164.0	2
-20	-20	164.0	165.0	1
-20	-40	165.0	166.0	1
-40	-30	166.0	167.0	1
-30	-40	167.0	169.0	2
-40	-30	169.0	170.0	1
-30	-30	170.0	171.0	0
-30	-20	171.0	174.0	0
-20	0	174.0	176.0	1
0	20	176.0	179.0	0
20	30	179.0	182.0	2
30	20	182.0	185.0	1
20	30	185.0	186.0	2
30	10	186.0	187.0	2
10	30	187.0	188.0	0
30	40	188.0	189.0	1
40	10	189.0	190.0	0
10	10	190.0	193.0	1
10	-10	193.0	196.0	0
-10	0	196.0	197.0	2
0	20	197.0	200.0	2
20	40	200.0	203.0	1
40	10	203.0	205.0	2
10	40	205.0	207.0	0
40	10	207.0	210.0	2
10	20	210.0	212.0	2
20	20	212.0	213.0	2
20	30	213.0	215.0	2
30	30	215.0	217.0	2
30	40	217.0	218.0	2
40	30	218.0	220.0	1
30	30	220.0	222.0	0
30	10	222.0	224.0	0
10	30	224.0	226.0	2
30	20	226.0	228.0	0
20	0	228.0	231.0	2
0	30	231.0	232.0	1
30	40	232.0	233.0	0
40	20	233.0	234.0	1
20	30	234.0	235.0	0
30	10	235.0	238.0	2
10	20	238.0	241.0	2
20	-10	241.0	242.0	1
-10	-20	242.0	245.0	0
-20	0	245.0	247.0	2
0	30	247.0	248.0	2
30	30	248.0	250.0	0
30	20	250.0	251.0	0
20	10	251.0	254.0	0
10	-10	254.0	257.0	2
-10	-20	257.0	260.0	2
-20	0	260.0	261.0	2
0	-30	261.0	263.0	2
-30	-20	263.0	264.0	1
-20	-30	264.0	266.0	2
-30	-40	266.0	268.0	1
-40	-10	268.0	269.0	0
-10	-40	269.0	272.0	2
-40	-10	272.0	274.0	0
-10	-10	274.0	276.0	1
-10	-30	276.0	277.0	2
-30	-20	277.0	280.0	1
-20	10	280.0	282.0	2
10	30	282.0	284.0	2
30	10	284.0	287.0	1
10	40	287.0	289.0	0
40	30	289.0	291.0	1
30	40	291.0	292.0	0
40	40	292.0	295.0	1
40	40	295.0	298.0	2
