0	0	0	2.0	0
0	30	2.0	4.0	0
30	10	4.0	7.0	2
10	10	7.0	8.0	0
10	40	8.0	9.0	2
40	40	9.0	11.0	1
40	30	11.0	13.0	1
30	20	13.0	16.0	1
20	0	16.0	19.0	0
0	-20	19.0	21.0	2
-20	10	21.0	24.0	0
10	0	24.0	26.0	1
0	30	26.0	29.0	2
30	20	29.0	31.0	1
20	20	31.0	34.0	1
20	-10	34.0	37.0	2
-10	10	37.0	38.0	2
10	10	38.0	40.0	2
10	0	40.0	41.0	2
0	10	41.0	42.0	2
10	10	42.0	43.0	0
10	0	43.0	44.0	0
0	-30	44.0	45.0	0
-30	-20	45.0	46.0	0
-20	-30	46.0	49.0	2
-30	0	49.0	51.0	2
0	20	51.0	52.0	0
20	20	52.0	53.0	2
20	0	53.0	54.0	1
0	-20	54.0	56.0	0
-20	-10	56.0	58.0	0
-10	-30	58.0	61.0	0
-30	-30	61.0	62.0	2
-30	0	62.0	64.0	2
0	-20	64.0	67.0	0
-20	10	67.0	68.0	0
10	-20	68.0	69.0	0
-20	-10	69.0	71.0	2
-10	-30	71.0	74.0	1
-30	-30	74.0	77.0	1
-30	-30	77.0	79.0	0
-30	-30	79.0	82.0	0
-30	0	82.0	83.0	2
0	30	83.0	86.0	1
30	20	86.0	87.0	0
20	10	87.0	90.0	2
10	30	90.0	92.0	1
30	40	92.0	94.0	1
40	10	94.0	95.0	1
10	20	95.0	98.0	1
20	40	98.0	99.0	2
40	40	99.0	102.0	1
40	20	102.0	105.0	1
20	0	105.0	108.0	0
0	-20	108.0	111.0	2
-20	0	111.0	114.0	2
0	30	114.0	116.0	2
30	20	116.0	118.0	1
20	20	118.0	119.0	2
20	10	119.0	122.0	2
10	40	122.0	124.0	2
40	10	124.0	125.0	0
10	0	125.0	128.0	1
0	10	128.0	130.0	1
10	40	130.0	133.0	0
40	10	133.0	136.0	0
10	10	136.0	139.0	0
10	0	139.0	141.0	0
0	10	141.0	143.0	1
10	30	143.0	145.0	0
30	10	145.0	148.0	1
10	30	148.0	151.0	1
30	20	151.0	152.0	0
20	40	152.0	154.0	2
40	40	154.0	155.0	0
40	10	155.0	156.0	2
10	20	156.0	157.0	1
20	0	157.0	160.0	2
0	-30	160.0	161.0	2
-30	-30	161.0	162.0	0
-30	-40	162.0	165.0	0
-40	-40	165.0	167.0	0
-40	-30	167.0	168.0	2
-30	0	168.0	171.0	0
0	-20	171.0	172.0	2
-20	0	172.0	173.0	0
0	30	173.0	174.0	1
30	0	174.0	177.0	1
0	-30	177.0	180.0	2
-30	-10	180.0	183.0	2
-10	-40	183.0	184.0	2
-40	-20	184.0	186.0	1
-20	0	186.0	187.0	0
0	10	187.0	189.0	0
10	40	189.0	190.0	1
40	20	190.0	193.0	1
20	40	193.0	194.0	0
40	10	194.0	195.0	0
10	-20	195.0	197.0	1
-20	0	197.0	198.0	1
0	-30	198.0	200.0	0
-30	-40	200.0	203.0	2
-40	-30	203.0	206.0	0
-30	-30	206.0	208.0	1
-30	0	208.0	209.0	0
0	-20	209.0	212.0	2
-20	-30	212.0	213.0	1
-30	0	213.0	216.0	0
0	20	216.0	219.0	0
20	20	219.0	220.0	2
20	10	220.0	223.0	2
10	40	223.0	225.0	1
40	10	225.0	227.0	2
10	10	227.0	228.0	0
10	30	228.0	230.0	1
30	30	230.0	233.0	2
30	30	233.0	236.0	0
30	0	236.0	237.0	1
0	0	237.0	238.0	1
0	-10	238.0	239.0	2
-10	20	239.0	242.0	0
20	30	242.0	243.0	2
30	10	243.0	246.0	1
10	10	246.0	248.0	1
10	0	248.0	249.0	2
0	20	249.0	252.0	1
20	40	252.0	255.0	1
40	30	255.0	257.0	0
30	30	257.0	259.0	2
30	30	259.0	261.0	2
30	20	261.0	263.0	1
20	10	263.0	265.0	0
10	-20	265.0	268.0	1
-20	-10	268.0	269.0	0
-10	10	269.0	271.0	1
10	10	271.0	272.0	1
10	-20	272.0	273.0	1
-20	-40	273.0	274.0	2
-40	-20	274.0	276.0	0
-20	-20	276.0	279.0	0
-20	-30	279.0	282.0	1
-30	0	282.0	284.0	0
0	30	284.0	286.0	1
30	0	286.0	289.0	1
0	-20	289.0	291.0	2
-20	-10	291.0	292.0	1
-10	20	292.0	293.0	0
20	40	293.0	294.0	2
40	10	294.0	296.0	0
10	30	296.0	298.0	0
