0	0	0	2.0	0
0	10	2.0	3.0	1
10	40	3.0	4.0	0
40	30	4.0	5.0	2
30	30	5.0	8.0	1
30	40	8.0	10.0	2
40	20	10.0	11.0	0
20	30	11.0	12.0	0
30	10	12.0	14.0	1
10	40	14.0	15.0	2
40	20	15.0	18.0	0
20	10	18.0	19.0	0
10	20	19.0	21.0	0
20	30	21.0	24.0	2
30	20	24.0	27.0	2
20	30	27.0	28.0	2
30	40	28.0	29.0	2
40	30	29.0	32.0	2
30	40	32.0	34.0	1
40	40	34.0	37.0	0
40	40	37.0	39.0	0
40	20	39.0	42.0	2
20	-10	42.0	45.0	2
-10	0	45.0	47.0	1
0	30	47.0	50.0	0
30	30	50.0	51.0	2
30	40	51.0	54.0	1
40	10	54.0	57.0	0
10	20	57.0	60.0	1
20	30	60.0	63.0	2
30	20	63.0	64.0	0
20	10	64.0	65.0	0
10	40	65.0	67.0	2
40	20	67.0	70.0	1
20	0	70.0	73.0	2
0	0	73.0	74.0	1
0	20	74.0	75.0	2
20	10	75.0	76.0	0
10	10	76.0	79.0	2
10	-20	79.0	81.0	0
-20	-10	81.0	83.0	0
-10	-40	83.0	85.0	2
-40	-40	85.0	88.0	0
-40	-20	88.0	91.0	0
-20	10	91.0	92.0	2
10	-20	92.0	95.0	2
-20	-10	95.0	98.0	0
-10	20	98.0	99.0	0
20	40	99.0	100.0	1
40	10	100.0	103.0	0
10	-20	103.0	104.0	0
-20	-30	104.0	105.0	2
-30	0	105.0	106.0	2
0	-20	106.0	107.0	0
-20	-30	107.0	109.0	0
-30	-10	109.0	110.0	2
-10	-20	110.0	113.0	2
-20	-30	113.0	116.0	1
-30	-10	116.0	119.0	0
-10	-20	119.0	120.0	1
-20	-10	120.0	122.0	1
-10	0	122.0	123.0	1
0	-10	123.0	125.0	1
-10	10	125.0	126.0	2
10	10	126.0	129.0	0
10	-20	129.0	130.0	0
-20	-40	130.0	133.0	2
-40	-40	133.0	135.0	2
-40	-20	135.0	137.0	2
-20	10	137.0	138.0	2
10	-20	138.0	141.0	1
-20	10	141.0	142.0	2
10	10	142.0	144.0	1
10	-10	144.0	147.0	1
-10	10	147.0	148.0	2
10	30	148.0	151.0	0
30	10	151.0	153.0	1
10	-20	153.0	155.0	0
-20	-30	155.0	158.0	2
-30	-40	158.0	161.0	1
-40	-10	161.0	163.0	1
-10	-20	163.0	166.0	2
-20	-30	166.0	169.0	1
-30	0	169.0	171.0	1
0	10	171.0	174.0	0
10	20	174.0	177.0	2
20	10	177.0	178.0	2
10	-10	178.0	181.0	1
-10	-30	181.0	183.0	1
-30	-30	183.0	185.0	1
-30	-20	185.0	187.0	1
-20	-20	187.0	188.0	1
-20	10	188.0	190.0	2
10	40	190.0	193.0	1
40	30	193.0	196.0	1
30	40	196.0	199.0	1
40	10	199.0	202.0	0
10	-10	202.0	205.0	2
-10	-10	205.0	206.0	2
-10	-40	206.0	208.0	1
-40	-30	208.0	210.0	0
-30	-20	210.0	212.0	2
-20	10	212.0	214.0	1
10	20	214.0	217.0	0
20	20	217.0	219.0	1
20	10	219.0	220.0	0
10	-20	220.0	222.0	2
-20	-10	222.0	225.0	1
-10	20	225.0	228.0	1
20	20	228.0	229.0	0
20	10	229.0	231.0	1
10	20	231.0	234.0	2
20	0	234.0	237.0	1
0	20	237.0	239.0	2
20	20	239.0	240.0	1
20	-10	240.0	243.0	1
-10	-40	243.0	246.0	2
-40	-40	246.0	247.0	2
-40	-20	247.0	250.0	1
-20	10	250.0	252.0	0
10	40	252.0	255.0	1
40	20	255.0	256.0	0
20	0	256.0	259.0	1
0	10	259.0	262.0	0
10	-10	262.0	263.0	1
-10	0	263.0	266.0	1
0	10	266.0	267.0	1
10	-10	267.0	268.0	1
-10	-10	268.0	271.0	0
-10	-30	271.0	273.0	2
-30	-20	273.0	275.0	1
-20	10	275.0	276.0	2
10	20	276.0	277.0	0
20	40	277.0	279.0	0
40	40	279.0	282.0	2
40	40	282.0	285.0	1
40	40	285.0	286.0	0
40	10	286.0	289.0	0
10	-20	289.0	290.0	0
-20	-10	290.0	293.0	2
-10	-20	293.0	294.0	1
-20	0	294.0	297.0	2
