0	0	0	2.0	0
0	20	2.0	3.0	0
20	10	3.0	5.0	0
10	0	5.0	8.0	2
0	30	8.0	9.0	2
30	30	9.0	11.0	2
30	0	11.0	12.0	1
0	30	12.0	13.0	0
30	30	13.0	15.0	2
30	30	15.0	18.0	0
30	0	18.0	19.0	0
0	0	19.0	21.0	0
0	20	21.0	22.0	1
20	-10	22.0	24.0	2
-10	-20	24.0	27.0	0
-20	-10	27.0	28.0	1
-10	-30	28.0	31.0	2
-30	-30	31.0	34.0	0
-30	-40	34.0	36.0	1
-40	-30	36.0	38.0	1
-30	-10	38.0	41.0	1
-10	-20	41.0	43.0	1
-20	-30	43.0	44.0	2
-30	-30	44.0	46.0	2
-30	-20	46.0	47.0	0
-20	10	47.0	48.0	0
10	-10	48.0	51.0	1
-10	10	51.0	52.0	2
10	-20	52.0	53.0	2
-20	-30	53.0	55.0	1
-30	-40	55.0	58.0	0
-40	-10	58.0	61.0	2
-10	-10	61.0	62.0	2
-10	-10	62.0	65.0	1
-10	10	65.0	66.0	1
10	0	66.0	68.0	1
0	-10	68.0	70.0	2
-10	10	70.0	72.0	1
10	30	72.0	73.0	1
30	30	73.0	76.0	0
30	30	76.0	77.0	1
30	20	77.0	80.0	0
20	30	80.0	82.0	2
30	10	82.0	83.0	2
10	0	83.0	86.0	2
0	10	86.0	89.0	0
10	-10	89.0	91.0	0
-10	-10	91.0	93.0	2
-10	-40	93.0	95.0	2
-40	-30	95.0	96.0	0
-30	-10	96.0	98.0	1
-10	-10	98.0	100.0	2
-10	-20	100.0	102.0	1
-20	0	102.0	104.0	0
0	-10	104.0	105.0	1
-10	-40	105.0	106.0	2
-40	-30	106.0	109.0	2
-30	-30	109.0	112.0	1
-30	-10	112.0	115.0	1
-10	20	115.0	116.0	0
20	30	116.0	118.0	2
30	20	118.0	121.0	0
20	30	121.0	124.0	0
30	20	124.0	125.0	1
20	10	125.0	128.0	2
10	-10	128.0	129.0	2
-10	0	129.0	130.0	0
0	0	130.0	133.0	0
0	0	133.0	134.0	0
0	10	134.0	137.0	1
10	20	137.0	138.0	2
20	10	138.0	141.0	1
10	30	141.0	143.0	2
30	40	143.0	145.0	1
40	10	145.0	146.0	0
10	30	146.0	147.0	0
30	20	147.0	149.0	1
20	30	149.0	152.0	1
30	30	152.0	153.0	2
30	0	153.0	156.0	1
0	-30	156.0	157.0	0
-30	-20	157.0	158.0	0
-20	-30	158.0	160.0	0
-30	-30	160.0	162.0	2
-30	-10	162.0	165.0	0
-10	10	165.0	167.0	1
10	10	167.0	168.0	0
10	0	168.0	171.0	1
0	-20	171.0	173.0	1
-20	-20	173.0	175.0	0
-20	-10	175.0	176.0	1
-10	-20	176.0	177.0	0
-20	-10	177.0	180.0	0
-10	10	180.0	182.0	2
10	40	182.0	185.0	0
40	20	185.0	188.0	2
20	40	188.0	190.0	2
40	10	190.0	192.0	2
10	40	192.0	194.0	0
40	30	194.0	196.0	0
30	10	196.0	198.0	1
10	0	198.0	199.0	2
0	-20	199.0	201.0	1
-20	-20	201.0	203.0	0
-20	0	203.0	204.0	1
0	-30	204.0	206.0	1
-30	-40	206.0	207.0	0
-40	-20	207.0	209.0	0
-20	-30	209.0	212.0	0
-30	-40	212.0	213.0	1
-40	-20	213.0	215.0	1
-20	10	215.0	218.0	0
10	-20	218.0	220.0	2
-20	-40	220.0	221.0	0
-40	-20	221.0	224.0	0
-20	-10	224.0	227.0	0
-10	-20	227.0	229.0	0
-20	-30	229.0	231.0	2
-30	-30	231.0	232.0	0
-30	-40	232.0	234.0	1
-40	-20	234.0	235.0	0
-20	0	235.0	237.0	1
0	30	237.0	240.0	2
30	40	240.0	242.0	0
40	40	242.0	243.0	1
40	20	243.0	246.0	2
20	20	246.0	249.0	0
20	10	249.0	250.0	2
10	30	250.0	253.0	1
30	10	253.0	256.0	2
10	10	256.0	257.0	1
10	0	257.0	260.0	0
0	-20	260.0	261.0	0
-20	10	261.0	263.0	1
10	-20	263.0	264.0	1
-20	0	264.0	267.0	0
0	10	267.0	269.0	2
10	40	269.0	270.0	0
40	10	270.0	271.0	0
10	10	271.0	272.0	0
10	-10	272.0	273.0	2
-10	-20	273.0	276.0	2
-20	-30	276.0	278.0	0
-30	-30	278.0	280.0	1
-30	-10	280.0	281.0	2
-10	-40	281.0	282.0	1
-40	-20	282.0	284.0	0
-20	0	284.0	285.0	1
0	-20	285.0	286.0	0
-20	-40	286.0	287.0	2
-40	-20	287.0	290.0	2
-20	-10	290.0	291.0	0
-10	0	291.0	293.0	2
0	20	293.0	295.0	1
20	40	295.0	298.0	2
