0	0	0	2.0	0
0	-20	2.0	3.0	2
-20	-30	3.0	6.0	0
-30	-40	6.0	8.0	1
-40	-20	8.0	9.0	1
-20	-40	9.0	10.0	1
-40	-20	10.0	12.0	1
-20	-30	12.0	13.0	2
-30	-30	13.0	16.0	1
-30	-10	16.0	18.0	0
-10	20	18.0	19.0	1
20	30	19.0	20.0	0
30	0	20.0	22.0	2
0	0	22.0	24.0	2
0	-10	24.0	25.0	2
-10	10	25.0	27.0	0
10	-10	27.0	30.0	1
-10	20	30.0	31.0	1
20	20	31.0	34.0	0
20	20	34.0	35.0	0
20	-10	35.0	36.0	1
-10	-30	36.0	39.0	0
-30	-40	39.0	41.0	0
-40	-30	41.0	42.0	2
-30	-30	42.0	43.0	1
-30	0	43.0	46.0	2
0	-20	46.0	49.0	2
-20	-20	49.0	51.0	1
-20	0	51.0	52.0	0
0	-30	52.0	54.0	1
-30	-30	54.0	56.0	2
-30	-20	56.0	58.0	1
-20	-40	58.0	60.0	2
-40	-40	60.0	63.0	1
-40	-20	63.0	64.0	2
-20	-30	64.0	65.0	0
-30	-10	65.0	67.0	2
-10	20	67.0	69.0	2
20	30	69.0	71.0	2
30	30	71.0	73.0	1
30	10	73.0	76.0	1
10	10	76.0	78.0	0
10	-20	78.0	81.0	2
-20	-40	81.0	84.0	2
-40	-10	84.0	86.0	1
-10	0	86.0	87.0	1
0	10	87.0	89.0	1
10	30	89.0	91.0	0
30	20	91.0	94.0	2
20	-10	94.0	97.0	0
-10	10	97.0	100.0	2
10	30	100.0	102.0	2
30	20	102.0	104.0	0
20	0	104.0	105.0	1
0	-20	105.0	106.0	0
-20	-10	106.0	109.0	2
-10	-10	109.0	111.0	0
-10	-10	111.0	114.0	2
-10	-20	114.0	117.0	2
-20	0	117.0	119.0	1
0	10	119.0	121.0	0
10	40	121.0	122.0	1
40	20	122.0	123.0	1
20	0	123.0	125.0	1
0	-10	125.0	126.0	0
-10	-20	126.0	129.0	0
-20	0	129.0	131.0	1
0	-20	131.0	133.0	1
-20	-40	133.0	134.0	0
-40	-40	134.0	136.0	1
-40	-30	136.0	138.0	1
-30	-20	138.0	141.0	1
-20	-20	141.0	144.0	2
-20	0	144.0	145.0	2
0	0	145.0	146.0	1
0	30	146.0	148.0	1
30	20	148.0	151.0	1
20	-10	151.0	153.0	0
-10	-20	153.0	155.0	1
-20	-40	155.0	156.0	0
-40	-30	156.0	159.0	1
-30	-10	159.0	161.0	2
-10	-30	161.0	163.0	2
-30	-20	163.0	166.0	0
-20	-40	166.0	169.0	0
-40	-30	169.0	170.0	0
-30	-40	170.0	173.0	1
-40	-20	173.0	176.0	0
-20	-40	176.0	177.0	0
-40	-20	177.0	179.0	0
-20	-20	179.0	182.0	1
-20	-20	182.0	184.0	2
-20	0	184.0	185.0	2
0	10	185.0	188.0	0
10	20	188.0	189.0	0
20	10	189.0	191.0	2
10	20	191.0	194.0	0
20	-10	194.0	195.0	2
-10	-30	195.0	196.0	0
-30	-40	196.0	198.0	2
-40	-40	198.0	200.0	1
-40	-20	200.0	201.0	2
-20	-10	201.0	203.0	0
-10	-20	203.0	205.0	2
-20	0	205.0	208.0	2
0	-30	208.0	209.0	2
-30	0	209.0	211.0	2
0	-30	211.0	214.0	0
-30	-40	214.0	216.0	0
-40	-10	216.0	219.0	0
-10	-30	219.0	220.0	1
-30	-30	220.0	222.0	1
-30	-40	222.0	223.0	0
-40	-30	223.0	224.0	0
-30	-20	224.0	227.0	1
-20	-30	227.0	230.0	1
-30	-10	230.0	232.0	2
-10	0	232.0	233.0	0
0	0	233.0	236.0	1
0	-20	236.0	238.0	1
-20	0	238.0	241.0	1
0	-30	241.0	244.0	2
-30	-10	244.0	247.0	1
-10	10	247.0	249.0	1
10	20	249.0	250.0	0
20	30	250.0	251.0	1
30	0	251.0	253.0	1
0	20	253.0	256.0	2
20	40	256.0	258.0	2
40	20	258.0	259.0	1
20	0	259.0	262.0	1
0	10	262.0	265.0	2
10	20	265.0	268.0	2
20	10	268.0	269.0	1
10	20	269.0	271.0	2
20	20	271.0	273.0	2
20	20	273.0	275.0	1
20	30	275.0	278.0	1
30	30	278.0	279.0	1
30	0	279.0	282.0	1
0	0	282.0	283.0	2
0	-20	283.0	284.0	1
-20	-20	284.0	287.0	2
-20	10	287.0	290.0	2
10	-20	290.0	291.0	1
-20	-30	291.0	294.0	1
-30	-40	294.0	296.0	1
-40	-40	296.0	298.0	1
