0	0	0	2.0	0
0	-30	2.0	3.0	2
-30	-40	3.0	4.0	2
-40	-30	4.0	7.0	2
-30	-30	7.0	9.0	2
-30	-40	9.0	12.0	2
-40	-10	12.0	15.0	1
-10	-10	15.0	18.0	2
-10	-30	18.0	19.0	0
-30	-10	19.0	21.0	0
-10	-10	21.0	24.0	2
-10	-20	24.0	26.0	1
-20	-20	26.0	27.0	0
-20	-40	27.0	29.0	0
-40	-30	29.0	32.0	2
-30	-20	32.0	35.0	1
-20	-40	35.0	37.0	0
-40	-30	37.0	38.0	2
-30	-20	38.0	40.0	0
-20	10	40.0	42.0	2
10	30	42.0	43.0	0
30	40	43.0	44.0	0
40	20	44.0	46.0	0
20	20	46.0	49.0	0
20	40	49.0	50.0	1
40	40	50.0	52.0	0
40	30	52.0	54.0	0
30	10	54.0	57.0	0
10	40	57.0	60.0	0
40	30	60.0	61.0	1
30	30	61.0	64.0	2
30	10	64.0	65.0	0
10	-10	65.0	66.0	2
-10	-10	66.0	69.0	2
-10	-10	69.0	71.0	2
-10	-20	71.0	74.0	0
-20	-30	74.0	75.0	2
-30	-40	75.0	76.0	0
-40	-20	76.0	79.0	0
-20	-40	79.0	81.0	1
-40	-40	81.0	82.0	0
-40	-20	82.0	83.0	2
-20	-30	83.0	86.0	2
-30	-20	86.0	89.0	0
-20	-30	89.0	92.0	0
-30	0	92.0	95.0	0
0	-10	95.0	97.0	1
-10	20	97.0	100.0	1
20	40	100.0	101.0	0
40	20	101.0	104.0	1
20	30	104.0	107.0	0
30	20	107.0	108.0	1
20	-10	108.0	110.0	0
-10	-10	110.0	112.0	2
-10	0	112.0	114.0	1
0	-30	114.0	115.0	2
-30	-40	115.0	116.0	1
-40	-30	116.0	118.0	2
-30	-10	118.0	121.0	0
-10	-30	121.0	123.0	0
-30	0	123.0	125.0	0
0	-10	125.0	128.0	2
-10	0	128.0	131.0	1
0	10	131.0	133.0	0
10	-10	133.0	136.0	1
-10	0	136.0	137.0	2
0	20	137.0	140.0	2
20	30	140.0	141.0	1
30	30	141.0	144.0	0
30	10	144.0	147.0	1
10	0	147.0	150.0	1
0	30	150.0	152.0	0
30	40	152.0	153.0	2
40	20	153.0	156.0	2
20	-10	156.0	159.0	2
-10	-40	159.0	160.0	1
-40	-40	160.0	161.0	0
-40	-40	161.0	163.0	1
-40	-30	163.0	166.0	1
-30	-30	166.0	168.0	0
-30	-30	168.0	171.0	2
-30	-10	171.0	173.0	0
-10	-20	173.0	174.0	2
-20	0	174.0	176.0	2
0	0	176.0	177.0	1
0	0	177.0	178.0	2
0	10	178.0	180.0	0
10	-10	180.0	182.0	2
-10	-20	182.0	183.0	0
-20	10	183.0	185.0	2
10	0	185.0	186.0	1
0	30	186.0	189.0	0
30	10	189.0	191.0	2
10	40	191.0	192.0	1
40	10	192.0	195.0	0
10	-20	195.0	198.0	2
-20	-30	198.0	199.0	0
-30	-40	199.0	202.0	0
-40	-40	202.0	205.0	2
-40	-20	205.0	207.0	0
-20	-20	207.0	209.0	1
-20	-10	209.0	212.0	2
-10	-20	212.0	213.0	2
-20	-20	213.0	214.0	2
-20	-40	214.0	216.0	2
-40	-40	216.0	217.0	0
-40	-10	217.0	219.0	0
-10	-30	219.0	222.0	0
-30	-20	222.0	225.0	1
-20	-10	225.0	226.0	2
-10	10	226.0	227.0	2
10	10	227.0	229.0	0
10	10	229.0	232.0	0
10	30	232.0	234.0	0
30	10	234.0	237.0	0
10	0	237.0	240.0	0
0	10	240.0	242.0	2
10	0	242.0	243.0	1
0	20	243.0	246.0	2
20	30	246.0	247.0	0
30	40	247.0	250.0	2
40	40	250.0	252.0	2
40	30	252.0	253.0	0
30	40	253.0	254.0	2
40	10	254.0	256.0	1
10	20	256.0	259.0	1
20	20	259.0	260.0	2
20	0	260.0	261.0	2
0	30	261.0	264.0	2
30	20	264.0	267.0	1
20	-10	267.0	269.0	2
-10	10	269.0	272.0	2
10	30	272.0	275.0	2
30	40	275.0	277.0	0
40	40	277.0	280.0	0
40	40	280.0	283.0	0
40	40	283.0	286.0	2
40	30	286.0	288.0	2
30	40	288.0	289.0	2
40	20	289.0	290.0	2
20	10	290.0	292.0	1
10	40	292.0	293.0	2
40	10	293.0	294.0	0
10	10	294.0	295.0	1
10	10	295.0	297.0	1
