0	0	0	2.0	0
0	10	2.0	5.0	0
10	10	5.0	7.0	0
10	10	7.0	8.0	2
10	0	8.0	10.0	0
0	30	10.0	13.0	1
30	40	13.0	16.0	1
40	40	16.0	17.0	0
40	30	17.0	20.0	0
30	20	20.0	23.0	2
20	10	23.0	25.0	0
10	30	25.0	26.0	0
30	0	26.0	27.0	2
0	30	27.0	29.0	2
30	40	29.0	30.0	2
40	30	30.0	31.0	2
30	10	31.0	32.0	1
10	20	32.0	35.0	2
20	20	35.0	38.0	1
20	-10	38.0	40.0	1
-10	0	40.0	42.0	2
0	0	42.0	45.0	1
0	-20	45.0	46.0	2
-20	-10	46.0	47.0	1
-10	-10	47.0	48.0	0
-10	-10	48.0	50.0	2
-10	10	50.0	53.0	1
10	0	53.0	56.0	1
0	-10	56.0	58.0	1
-10	-20	58.0	59.0	1
-20	0	59.0	60.0	2
0	0	60.0	62.0	1
0	-30	62.0	64.0	0
-30	-10	64.0	67.0	0
-10	20	67.0	68.0	2
20	20	68.0	70.0	2
20	20	70.0	71.0	1
20	-10	71.0	74.0	2
-10	20	74.0	76.0	0
20	10	76.0	77.0	2
10	10	77.0	80.0	1
10	40	80.0	82.0	2
40	10	82.0	83.0	2
10	40	83.0	86.0	2
40	40	86.0	89.0	1
40	10	89.0	90.0	2
10	30	90.0	93.0	2
30	20	93.0	94.0	2
20	30	94.0	97.0	1
30	10	97.0	100.0	1
10	-10	100.0	101.0	1
-10	-10	101.0	102.0	1
-10	-10	102.0	103.0	2
-10	-30	103.0	104.0	2
-30	-30	104.0	105.0	1
-30	-10	105.0	108.0	1
-10	10	108.0	110.0	0
10	30	110.0	111.0	1
30	0	111.0	113.0	2
0	-10	113.0	115.0	0
-10	-10	115.0	118.0	2
-10	-20	118.0	121.0	1
-20	0	121.0	123.0	2
0	10	123.0	125.0	0
10	30	125.0	128.0	2
30	30	128.0	131.0	2
30	20	131.0	134.0	2
20	-10	134.0	135.0	2
-10	-30	135.0	137.0	0
-30	-30	137.0	138.0	1
-30	0	138.0	140.0	0
0	20	140.0	141.0	1
20	20	141.0	142.0	1
20	40	142.0	143.0	2
40	30	143.0	144.0	1
30	40	144.0	145.0	1
40	10	145.0	148.0	1
10	20	148.0	149.0	2
20	30	149.0	152.0	0
30	30	152.0	155.0	0
30	10	155.0	156.0	1
10	30	156.0	158.0	0
30	0	158.0	159.0	0
0	10	159.0	161.0	0
10	10	161.0	164.0	0
10	30	164.0	167.0	1
30	20	167.0	170.0	2
20	30	170.0	173.0	1
30	40	173.0	176.0	1
40	20	176.0	179.0	0
20	40	179.0	181.0	1
40	40	181.0	184.0	0
40	40	184.0	185.0	0
40	10	185.0	187.0	0
10	20	187.0	190.0	2
20	10	190.0	193.0	0
10	0	193.0	195.0	0
0	30	195.0	197.0	1
30	30	197.0	198.0	1
30	40	198.0	199.0	1
40	20	199.0	200.0	0
20	30	200.0	202.0	1
30	30	202.0	203.0	1
30	0	203.0	204.0	2
0	-30	204.0	207.0	1
-30	-40	207.0	210.0	0
-40	-30	210.0	211.0	0
-30	-10	211.0	214.0	0
-10	-30	214.0	215.0	1
-30	-40	215.0	217.0	0
-40	-20	217.0	218.0	0
-20	10	218.0	219.0	1
10	40	219.0	220.0	2
40	20	220.0	223.0	0
20	30	223.0	225.0	2
30	10	225.0	228.0	1
10	10	228.0	229.0	2
10	0	229.0	232.0	0
0	0	232.0	234.0	1
0	30	234.0	235.0	2
30	40	235.0	238.0	1
40	40	238.0	240.0	1
40	40	240.0	241.0	2
40	20	241.0	242.0	2
20	0	242.0	243.0	2
0	20	243.0	245.0	0
20	30	245.0	248.0	0
30	40	248.0	251.0	1
40	40	251.0	252.0	2
40	30	252.0	254.0	1
30	20	254.0	257.0	2
20	10	257.0	260.0	0
10	-20	260.0	263.0	2
-20	-30	263.0	265.0	2
-30	-10	265.0	268.0	0
-10	-40	268.0	271.0	2
-40	-10	271.0	273.0	2
-10	-30	273.0	274.0	2
-30	0	274.0	275.0	0
0	0	275.0	277.0	1
0	20	277.0	279.0	1
20	20	279.0	280.0	2
20	0	280.0	281.0	2
0	10	281.0	283.0	2
10	10	283.0	284.0	1
10	30	284.0	285.0	0
30	30	285.0	288.0	0
30	30	288.0	289.0	1
30	10	289.0	291.0	2
10	10	291.0	292.0	1
10	10	292.0	295.0	2
10	0	295.0	298.0	0
0	-30	298.0	299.0	2
