0	0	0	2.0	0
0	20	2.0	3.0	1
20	-10	3.0	6.0	2
-10	0	6.0	7.0	2
0	20	7.0	10.0	2
20	0	10.0	11.0	0
0	20	11.0	13.0	1
20	-10	13.0	14.0	0
-10	-20	14.0	15.0	2
-20	-30	15.0	17.0	2
-30	-10	17.0	18.0	0
-10	10	18.0	19.0	1
10	40	19.0	22.0	1
40	10	22.0	24.0	0
10	40	24.0	25.0	0
40	30	25.0	26.0	0
30	40	26.0	27.0	2
40	30	27.0	29.0	2
30	10	29.0	32.0	1
10	10	32.0	34.0	2
10	20	34.0	36.0	1
20	10	36.0	38.0	1
10	-20	38.0	41.0	2
-20	-30	41.0	43.0	1
-30	-10	43.0	44.0	2
-10	20	44.0	45.0	0
20	40	45.0	47.0	1
40	30	47.0	48.0	0
30	30	48.0	51.0	1
30	30	51.0	53.0	1
30	10	53.0	54.0	2
10	30	54.0	55.0	1
30	30	55.0	58.0	1
30	20	58.0	61.0	2
20	20	61.0	63.0	0
20	0	63.0	64.0	0
0	20	64.0	65.0	2
20	20	65.0	67.0	2
20	40	67.0	68.0	2
40	30	68.0	70.0	0
30	20	70.0	72.0	0
20	20	72.0	73.0	0
20	20	73.0	74.0	0
20	10	74.0	76.0	1
10	40	76.0	77.0	0
40	40	77.0	78.0	0
40	40	78.0	79.0	1
40	20	79.0	80.0	1
20	0	80.0	83.0	0
0	-10	83.0	84.0	1
-10	-10	84.0	85.0	0
-10	-10	85.0	88.0	1
-10	-10	88.0	90.0	2
-10	20	90.0	93.0	2
20	20	93.0	95.0	2
20	40	95.0	97.0	1
40	20	97.0	98.0	1
20	30	98.0	99.0	2
30	10	99.0	100.0	0
10	30	100.0	103.0	2
30	20	103.0	105.0	2
20	30	105.0	107.0	1
30	40	107.0	108.0	2
40	10	108.0	111.0	1
10	40	111.0	114.0	2
40	20	114.0	117.0	1
20	20	117.0	119.0	1
20	20	119.0	121.0	0
20	0	121.0	122.0	1
0	10	122.0	123.0	1
10	0	123.0	124.0	1
0	-10	124.0	125.0	2
-10	-20	125.0	128.0	2
-20	-10	128.0	129.0	2
-10	-40	129.0	130.0	1
-40	-10	130.0	133.0	1
-10	10	133.0	134.0	1
10	-10	134.0	136.0	1
-10	-20	136.0	138.0	1
-20	-30	138.0	141.0	1
-30	0	141.0	143.0	2
0	30	143.0	145.0	2
30	20	145.0	147.0	0
20	40	147.0	149.0	2
40	40	149.0	151.0	1
40	30	151.0	154.0	0
30	0	154.0	155.0	0
0	10	155.0	156.0	1
10	40	156.0	157.0	1
40	10	157.0	158.0	2
10	20	158.0	159.0	2
20	10	159.0	160.0	0
10	10	160.0	161.0	1
10	20	161.0	163.0	0
20	20	163.0	166.0	2
20	-10	166.0	168.0	0
-10	-30	168.0	171.0	2
-30	-30	171.0	174.0	2
-30	-30	174.0	177.0	2
-30	-10	177.0	178.0	0
-10	-30	178.0	179.0	0
-30	-20	179.0	180.0	0
-20	-20	180.0	181.0	1
-20	-20	181.0	183.0	0
-20	-40	183.0	184.0	0
-40	-20	184.0	185.0	1
-20	-30	185.0	187.0	2
-30	-40	187.0	188.0	1
-40	-10	188.0	191.0	2
-10	-10	191.0	192.0	2
-10	10	192.0	194.0	2
10	40	194.0	196.0	0
40	40	196.0	198.0	0
40	20	198.0	201.0	1
20	40	201.0	204.0	1
40	40	204.0	207.0	1
40	30	207.0	209.0	0
30	20	209.0	212.0	1
20	10	212.0	215.0	1
10	10	215.0	217.0	2
10	20	217.0	220.0	0
20	10	220.0	222.0	1
10	-20	222.0	224.0	0
-20	0	224.0	225.0	0
0	30	225.0	227.0	1
30	30	227.0	230.0	1
30	10	230.0	232.0	0
10	-20	232.0	234.0	1
-20	-30	234.0	235.0	0
-30	0	235.0	237.0	2
0	10	237.0	240.0	1
10	10	240.0	243.0	1
10	20	243.0	245.0	0
20	-10	245.0	246.0	0
-10	-40	246.0	249.0	0
-40	-30	249.0	250.0	2
-30	0	250.0	252.0	1
0	-20	252.0	255.0	0
-20	-40	255.0	258.0	0
-40	-20	258.0	261.0	1
-20	-40	261.0	262.0	2
-40	-40	262.0	263.0	1
-40	-20	263.0	264.0	2
-20	-10	264.0	267.0	0
-10	0	267.0	269.0	0
0	-10	269.0	270.0	1
-10	-40	270.0	273.0	0
-40	-30	273.0	276.0	2
-30	-30	276.0	277.0	0
-30	-20	277.0	280.0	1
-20	-10	280.0	282.0	0
-10	-30	282.0	283.0	1
-30	-10	283.0	285.0	0
-10	-40	285.0	287.0	2
-40	-40	287.0	289.0	2
-40	-40	289.0	292.0	1
-40	-40	292.0	294.0	2
-40	-10	294.0	296.0	2
-10	10	296.0	297.0	1
10	10	297.0	298.0	1
