0	0	0	2.0	0
0	20	2.0	3.0	1
20	30	3.0	4.0	0
30	0	4.0	6.0	1
0	-10	6.0	7.0	0
-10	-40	7.0	10.0	0
-40	-40	10.0	12.0	1
-40	-10	12.0	14.0	0
-10	-20	14.0	15.0	1
-20	-30	15.0	17.0	0
-30	-20	17.0	18.0	1
-20	-10	18.0	20.0	0
-10	-20	20.0	21.0	1
-20	-20	21.0	24.0	2
-20	-30	24.0	27.0	1
-30	-40	27.0	30.0	0
-40	-40	30.0	33.0	2
-40	-40	33.0	35.0	0
-40	-20	35.0	38.0	2
-20	0	38.0	41.0	0
0	10	41.0	42.0	0
10	20	42.0	43.0	1
20	10	43.0	44.0	1
10	0	44.0	45.0	0
0	-20	45.0	48.0	0
-20	0	48.0	51.0	0
0	20	51.0	53.0	2
20	10	53.0	54.0	1
10	20	54.0	57.0	2
20	-10	57.0	59.0	1
-10	-10	59.0	62.0	0
-10	-30	62.0	64.0	1
-30	-30	64.0	65.0	2
-30	-20	65.0	66.0	0
-20	10	66.0	68.0	1
10	0	68.0	69.0	1
0	-20	69.0	70.0	2
-20	-20	70.0	73.0	1
-20	-40	73.0	75.0	1
-40	-20	75.0	77.0	0
-20	-10	77.0	78.0	0
-10	-10	78.0	79.0	2
-10	-40	79.0	80.0	2
-40	-40	80.0	81.0	1
-40	-40	81.0	82.0	0
-40	-30	82.0	83.0	0
-30	-10	83.0	85.0	1
-10	0	85.0	87.0	1
0	-30	87.0	88.0	2
-30	-20	88.0	90.0	0
-20	-30	90.0	92.0	1
-30	-20	92.0	95.0	0
-20	0	95.0	97.0	1
0	30	97.0	99.0	2
30	30	99.0	102.0	1
30	10	102.0	103.0	2
10	-20	103.0	105.0	0
-20	-30	105.0	107.0	2
-30	-10	107.0	109.0	2
-10	0	109.0	111.0	0
0	20	111.0	113.0	0
20	0	113.0	114.0	0
0	30	114.0	116.0	2
30	20	116.0	118.0	2
20	30	118.0	120.0	0
30	10	120.0	121.0	0
10	-10	121.0	122.0	0
-10	-40	122.0	123.0	0
-40	-10	123.0	126.0	1
-10	10	126.0	127.0	0
10	40	127.0	129.0	2
40	20	129.0	132.0	2
20	-10	132.0	133.0	0
-10	10	133.0	136.0	0
10	-10	136.0	139.0	1
-10	20	139.0	141.0	0
20	40	141.0	144.0	1
40	10	144.0	145.0	1
10	-20	145.0	148.0	2
-20	-10	148.0	149.0	0
-10	-30	149.0	150.0	1
-30	-10	150.0	152.0	0
-10	-40	152.0	154.0	2
-40	-30	154.0	156.0	0
-30	-40	156.0	159.0	0
-40	-40	159.0	161.0	2
-40	-10	161.0	163.0	1
-10	0	163.0	164.0	2
0	-10	164.0	165.0	2
-10	-30	165.0	166.0	2
-30	-10	166.0	168.0	0
-10	0	168.0	169.0	2
0	-20	169.0	170.0	2
-20	10	170.0	171.0	1
10	10	171.0	172.0	1
10	30	172.0	174.0	2
30	30	174.0	176.0	2
30	0	176.0	178.0	1
0	10	178.0	180.0	0
10	10	180.0	182.0	2
10	0	182.0	183.0	0
0	0	183.0	185.0	0
0	-10	185.0	187.0	2
-10	-40	187.0	189.0	2
-40	-40	189.0	192.0	2
-40	-20	192.0	193.0	2
-20	-20	193.0	194.0	1
-20	0	194.0	196.0	1
0	-20	196.0	197.0	0
-20	-40	197.0	198.0	2
-40	-30	198.0	199.0	1
-30	-40	199.0	200.0	2
-40	-30	200.0	203.0	2
-30	0	203.0	204.0	0
0	30	204.0	207.0	1
30	40	207.0	208.0	0
40	40	208.0	210.0	2
40	10	210.0	211.0	2
10	30	211.0	213.0	0
30	0	213.0	214.0	2
0	20	214.0	215.0	0
20	0	215.0	216.0	1
0	30	216.0	218.0	2
30	0	218.0	219.0	2
0	10	219.0	220.0	1
10	0	220.0	221.0	1
0	-10	221.0	222.0	1
-10	-40	222.0	223.0	2
-40	-40	223.0	225.0	2
-40	-10	225.0	226.0	0
-10	10	226.0	229.0	2
10	30	229.0	232.0	2
30	40	232.0	234.0	0
40	20	234.0	236.0	0
20	30	236.0	238.0	0
30	10	238.0	241.0	0
10	0	241.0	244.0	1
0	20	244.0	245.0	0
20	10	245.0	246.0	1
10	-20	246.0	249.0	0
-20	-30	249.0	251.0	1
-30	-20	251.0	254.0	0
-20	10	254.0	257.0	1
10	-20	257.0	258.0	2
-20	-20	258.0	259.0	1
-20	-20	259.0	262.0	0
-20	-40	262.0	264.0	0
-40	-10	264.0	265.0	2
-10	0	265.0	267.0	2
0	-20	267.0	270.0	0
-20	-20	270.0	272.0	1
-20	-10	272.0	274.0	1
-10	-40	274.0	276.0	0
-40	-40	276.0	279.0	1
-40	-10	279.0	282.0	2
-10	10	282.0	284.0	0
10	0	284.0	286.0	2
0	-10	286.0	288.0	2
-10	-40	288.0	289.0	0
-40	-40	289.0	292.0	2
-40	-40	292.0	293.0	0
-40	-40	293.0	294.0	0
-40	-20	294.0	297.0	1
