0	0	0	2.0	0
0	30	2.0	4.0	1
30	30	4.0	5.0	2
30	0	5.0	7.0	1
0	-30	7.0	8.0	2
-30	-30	8.0	11.0	0
-30	-30	11.0	12.0	0
-30	-30	12.0	13.0	1
-30	-20	13.0	15.0	0
-20	10	15.0	16.0	1
10	30	16.0	19.0	1
30	10	19.0	21.0	0
10	-10	21.0	23.0	1
-10	-10	23.0	25.0	1
-10	20	25.0	26.0	0
20	0	26.0	27.0	1
0	-10	27.0	28.0	0
-10	10	28.0	30.0	0
10	-20	30.0	32.0	0
-20	10	32.0	35.0	1
10	20	35.0	36.0	0
20	0	36.0	37.0	1
0	-10	37.0	39.0	2
-10	-20	39.0	40.0	2
-20	10	40.0	41.0	2
10	10	41.0	42.0	1
10	-20	42.0	45.0	2
-20	-10	45.0	48.0	0
-10	-20	48.0	50.0	1
-20	-20	50.0	51.0	0
-20	0	51.0	53.0	0
0	-20	53.0	55.0	2
-20	10	55.0	56.0	1
10	-10	56.0	59.0	2
-10	-10	59.0	62.0	2
-10	-20	62.0	65.0	2
-20	-40	65.0	68.0	2
-40	-30	68.0	71.0	2
-30	-40	71.0	72.0	1
-40	-10	72.0	74.0	2
-10	-20	74.0	75.0	1
-20	-30	75.0	78.0	1
-30	-10	78.0	80.0	1
-10	-40	80.0	82.0	2
-40	-10	82.0	84.0	1
-10	-30	84.0	86.0	2
-30	-30	86.0	87.0	2
-30	-30	87.0	88.0	0
-30	-40	88.0	89.0	1
-40	-10	89.0	92.0	1
-10	-10	92.0	95.0	1
-10	10	95.0	98.0	2
10	40	98.0	101.0	1
40	20	101.0	103.0	2
20	-10	103.0	106.0	2
-10	10	106.0	109.0	2
10	10	109.0	111.0	0
10	30	111.0	113.0	0
30	40	113.0	116.0	2
40	20	116.0	117.0	1
20	-10	117.0	118.0	2
-10	20	118.0	120.0	2
20	-10	120.0	121.0	0
-10	-30	121.0	123.0	2
-30	-40	123.0	124.0	0
-40	-30	124.0	125.0	2
-30	-40	125.0	126.0	1
-40	-30	126.0	128.0	2
-30	-20	128.0	130.0	1
-20	-30	130.0	132.0	0
-30	-40	132.0	134.0	1
-40	-40	134.0	137.0	1
-40	-30	137.0	138.0	0
-30	-30	138.0	140.0	1
-30	-20	140.0	143.0	2
-20	-20	143.0	146.0	1
-20	-30	146.0	147.0	1
-30	-30	147.0	150.0	1
-30	-10	150.0	152.0	1
-10	20	152.0	154.0	0
20	0	154.0	155.0	2
0	0	155.0	157.0	0
0	-10	157.0	160.0	0
-10	0	160.0	163.0	2
0	-20	163.0	164.0	0
-20	10	164.0	165.0	2
10	30	165.0	168.0	0
30	30	168.0	169.0	0
30	30	169.0	170.0	1
30	40	170.0	173.0	1
40	20	173.0	176.0	1
20	20	176.0	179.0	0
20	30	179.0	182.0	2
30	10	182.0	183.0	2
10	30	183.0	186.0	1
30	0	186.0	187.0	2
0	0	187.0	188.0	2
0	0	188.0	191.0	1
0	20	191.0	193.0	0
20	-10	193.0	195.0	1
-10	10	195.0	197.0	2
10	10	197.0	199.0	0
10	20	199.0	202.0	2
20	10	202.0	203.0	0
10	0	203.0	205.0	1
0	0	205.0	208.0	2
0	20	208.0	209.0	1
20	40	209.0	212.0	2
40	10	212.0	214.0	0
10	10	214.0	216.0	0
10	40	216.0	218.0	1
40	30	218.0	220.0	2
30	40	220.0	223.0	2
40	30	223.0	225.0	2
30	10	225.0	228.0	1
10	-20	228.0	229.0	1
-20	-20	229.0	231.0	2
-20	0	231.0	232.0	0
0	0	232.0	234.0	2
0	0	234.0	236.0	2
0	10	236.0	238.0	2
10	40	238.0	240.0	2
40	30	240.0	242.0	1
30	0	242.0	243.0	0
0	-10	243.0	246.0	0
-10	-30	246.0	247.0	1
-30	-40	247.0	248.0	0
-40	-30	248.0	250.0	2
-30	-40	250.0	253.0	1
-40	-30	253.0	256.0	2
-30	-30	256.0	259.0	2
-30	0	259.0	262.0	1
0	-20	262.0	263.0	1
-20	0	263.0	265.0	1
0	0	265.0	268.0	0
0	30	268.0	271.0	0
30	20	271.0	273.0	0
20	-10	273.0	274.0	0
-10	0	274.0	275.0	0
0	-30	275.0	278.0	0
-30	-10	278.0	280.0	1
-10	-30	280.0	281.0	2
-30	-20	281.0	283.0	0
-20	-20	283.0	284.0	1
-20	0	284.0	286.0	0
0	-20	286.0	287.0	2
-20	10	287.0	289.0	1
10	0	289.0	290.0	2
0	30	290.0	293.0	1
30	10	293.0	295.0	0
10	0	295.0	298.0	1
