0	0	0	2.0	0
0	-10	2.0	5.0	1
-10	-40	5.0	8.0	1
-40	-10	8.0	10.0	2
-10	-10	10.0	12.0	2
-10	-20	12.0	13.0	1
-20	-20	13.0	16.0	2
-20	-10	16.0	19.0	1
-10	-20	19.0	22.0	2
-20	-40	22.0	24.0	0
-40	-40	24.0	26.0	1
-40	-10	26.0	28.0	2
-10	-10	28.0	29.0	0
-10	-10	29.0	32.0	0
-10	-10	32.0	33.0	2
-10	-20	33.0	35.0	2
-20	-10	35.0	38.0	2
-10	-40	38.0	41.0	2
-40	-30	41.0	43.0	0
-30	-20	43.0	45.0	1
-20	10	45.0	46.0	1
10	-20	46.0	49.0	2
-20	10	49.0	52.0	0
10	-10	52.0	53.0	0
-10	0	53.0	55.0	0
0	-10	55.0	56.0	2
-10	-40	56.0	59.0	0
-40	-20	59.0	60.0	1
-20	-30	60.0	62.0	2
-30	0	62.0	64.0	0
0	10	64.0	67.0	2
10	10	67.0	70.0	1
10	40	70.0	73.0	1
40	10	73.0	75.0	2
10	0	75.0	77.0	0
0	0	77.0	80.0	2
0	-30	80.0	83.0	2
-30	-40	83.0	85.0	2
-40	-20	85.0	87.0	1
-20	-30	87.0	89.0	1
-30	-10	89.0	92.0	1
-10	-30	92.0	95.0	1
-30	-30	95.0	97.0	0
-30	-30	97.0	98.0	1
-30	-20	98.0	100.0	0
-20	-30	100.0	101.0	1
-30	-40	101.0	102.0	0
-40	-30	102.0	103.0	2
-30	-20	103.0	106.0	2
-20	-40	106.0	107.0	0
-40	-30	107.0	108.0	2
-30	-30	108.0	109.0	0
-30	-20	109.0	112.0	1
-20	10	112.0	114.0	0
10	-20	114.0	115.0	1
-20	0	115.0	118.0	0
0	-20	118.0	120.0	2
-20	10	120.0	123.0	1
10	40	123.0	126.0	2
40	20	126.0	128.0	2
20	-10	128.0	131.0	2
-10	10	131.0	132.0	2
10	10	132.0	134.0	2
10	-10	134.0	137.0	1
-10	0	137.0	140.0	0
0	-10	140.0	142.0	2
-10	-40	142.0	143.0	0
-40	-30	143.0	144.0	0
-30	-30	144.0	147.0	2
-30	-20	147.0	150.0	1
-20	-10	150.0	153.0	2
-10	10	153.0	156.0	2
10	10	156.0	157.0	1
10	20	157.0	160.0	0
20	-10	160.0	162.0	1
-10	0	162.0	165.0	1
0	-20	165.0	167.0	2
-20	-20	167.0	168.0	0
-20	-30	168.0	170.0	0
-30	-40	170.0	173.0	0
-40	-10	173.0	174.0	0
-10	-30	174.0	177.0	2
-30	-20	177.0	179.0	1
-20	-30	179.0	180.0	0
-30	0	180.0	183.0	0
0	-30	183.0	185.0	2
-30	-20	185.0	188.0	2
-20	-20	188.0	189.0	0
-20	-20	189.0	191.0	2
-20	-30	191.0	193.0	2
-30	-40	193.0	195.0	2
-40	-30	195.0	196.0	0
-30	-40	196.0	198.0	0
-40	-20	198.0	201.0	1
-20	0	201.0	203.0	0
0	0	203.0	205.0	1
0	-30	205.0	207.0	2
-30	0	207.0	209.0	1
0	-10	209.0	212.0	1
-10	-40	212.0	213.0	0
-40	-40	213.0	215.0	2
-40	-20	215.0	216.0	2
-20	10	216.0	217.0	2
10	40	217.0	220.0	1
40	30	220.0	222.0	2
30	0	222.0	224.0	0
0	-20	224.0	226.0	1
-20	0	226.0	229.0	1
0	-20	229.0	232.0	2
-20	-40	232.0	233.0	2
-40	-20	233.0	236.0	1
-20	-10	236.0	237.0	0
-10	-30	237.0	239.0	1
-30	-40	239.0	240.0	2
-40	-10	240.0	242.0	2
-10	10	242.0	245.0	1
10	40	245.0	248.0	1
40	20	248.0	251.0	2
20	20	251.0	253.0	1
20	-10	253.0	255.0	2
-10	20	255.0	258.0	2
20	40	258.0	261.0	0
40	40	261.0	263.0	2
40	10	263.0	264.0	2
10	-10	264.0	267.0	2
-10	20	267.0	270.0	0
20	20	270.0	271.0	0
20	10	271.0	274.0	1
10	0	274.0	277.0	1
0	-30	277.0	280.0	1
-30	-10	280.0	281.0	0
-10	10	281.0	282.0	1
10	0	282.0	284.0	0
0	30	284.0	285.0	2
30	40	285.0	286.0	2
40	30	286.0	288.0	2
30	0	288.0	291.0	2
0	0	291.0	293.0	2
0	0	293.0	294.0	0
0	20	294.0	297.0	0
20	-10	297.0	298.0	2
