0	0	0	2.0	0
0	-20	2.0	4.0	0
-20	-40	4.0	6.0	1
-40	-10	6.0	7.0	2
-10	-10	7.0	10.0	0
-10	-30	10.0	13.0	0
-30	-20	13.0	16.0	1
-20	-10	16.0	18.0	2
-10	-40	18.0	19.0	1
-40	-20	19.0	20.0	1
-20	10	20.0	22.0	1
10	10	22.0	25.0	0
10	-20	25.0	27.0	2
-20	-10	27.0	29.0	0
-10	20	29.0	32.0	0
20	20	32.0	35.0	2
20	40	35.0	37.0	2
40	10	37.0	40.0	1
10	0	40.0	41.0	0
0	-10	41.0	43.0	0
-10	-40	43.0	44.0	2
-40	-10	44.0	46.0	1
-10	10	46.0	49.0	2
10	20	49.0	52.0	0
20	10	52.0	54.0	1
10	30	54.0	55.0	1
30	40	55.0	58.0	0
40	10	58.0	61.0	2
10	0	61.0	63.0	0
0	-20	63.0	64.0	1
-20	-10	64.0	66.0	2
-10	20	66.0	69.0	1
20	30	69.0	70.0	2
30	0	70.0	73.0	1
0	20	73.0	75.0	1
20	40	75.0	76.0	0
40	40	76.0	79.0	1
40	20	79.0	82.0	2
20	40	82.0	84.0	1
40	30	84.0	86.0	2
30	30	86.0	89.0	0
30	20	89.0	92.0	1
20	20	92.0	94.0	2
20	0	94.0	97.0	0
0	-20	97.0	98.0	2
-20	-40	98.0	101.0	2
-40	-30	101.0	103.0	2
-30	-30	103.0	106.0	1
-30	-20	106.0	108.0	2
-20	-10	108.0	111.0	2
-10	-10	111.0	113.0	1
-10	-40	113.0	116.0	1
-40	-40	116.0	119.0	1
-40	-30	119.0	122.0	2
-30	-30	122.0	125.0	2
-30	-10	125.0	127.0	1
-10	20	127.0	130.0	1
20	40	130.0	133.0	2
40	30	133.0	134.0	2
30	10	134.0	135.0	1
10	20	135.0	136.0	1
20	30	136.0	137.0	0
30	20	137.0	139.0	0
20	30	139.0	140.0	2
30	0	140.0	141.0	0
0	-20	141.0	143.0	1
-20	-30	143.0	145.0	0
-30	0	145.0	148.0	2
0	-30	148.0	151.0	1
-30	0	151.0	152.0	0
0	-30	152.0	154.0	1
-30	0	154.0	156.0	1
0	20	156.0	157.0	0
20	40	157.0	159.0	1
40	20	159.0	162.0	1
20	40	162.0	164.0	1
40	30	164.0	165.0	0
30	20	165.0	167.0	2
20	10	167.0	169.0	1
10	20	169.0	172.0	1
20	10	172.0	174.0	2
10	10	174.0	176.0	1
10	-10	176.0	179.0	1
-10	-30	179.0	181.0	2
-30	-10	181.0	182.0	2
-10	-30	182.0	185.0	0
-30	-30	185.0	187.0	1
-30	-10	187.0	189.0	1
-10	-30	189.0	192.0	1
-30	-20	192.0	193.0	0
-20	-30	193.0	194.0	0
-30	-10	194.0	197.0	2
-10	0	197.0	198.0	0
0	0	198.0	199.0	2
0	30	199.0	200.0	1
30	10	200.0	202.0	2
10	40	202.0	204.0	1
40	30	204.0	206.0	0
30	40	206.0	207.0	2
40	20	207.0	210.0	0
20	20	210.0	211.0	1
20	-10	211.0	212.0	2
-10	-10	212.0	214.0	1
-10	10	214.0	215.0	2
10	10	215.0	218.0	1
10	30	218.0	221.0	1
30	40	221.0	224.0	1
40	40	224.0	226.0	0
40	30	226.0	229.0	1
30	0	229.0	231.0	1
0	20	231.0	233.0	0
20	10	233.0	234.0	1
10	-20	234.0	237.0	0
-20	-20	237.0	238.0	2
-20	10	238.0	240.0	0
10	30	240.0	242.0	0
30	10	242.0	243.0	0
10	10	243.0	246.0	2
10	-10	246.0	249.0	1
-10	-40	249.0	252.0	1
-40	-40	252.0	253.0	0
-40	-30	253.0	256.0	1
-30	-30	256.0	258.0	0
-30	0	258.0	261.0	2
0	-30	261.0	263.0	2
-30	0	263.0	266.0	1
0	-10	266.0	267.0	1
-10	0	267.0	269.0	0
0	-10	269.0	270.0	1
-10	-40	270.0	273.0	1
-40	-10	273.0	276.0	1
-10	-40	276.0	279.0	0
-40	-30	279.0	280.0	0
-30	-30	280.0	282.0	2
-30	-10	282.0	285.0	1
-10	-40	285.0	288.0	0
-40	-30	288.0	291.0	1
-30	-10	291.0	293.0	1
-10	10	293.0	295.0	0
10	20	295.0	297.0	1
20	40	297.0	299.0	1
