0	0	0	2.0	0
0	20	2.0	4.0	2
20	30	4.0	7.0	1
30	0	7.0	8.0	2
0	-20	8.0	9.0	1
-20	-20	9.0	12.0	0
-20	-10	12.0	13.0	1
-10	0	13.0	16.0	1
0	0	16.0	17.0	0
0	30	17.0	20.0	1
30	30	20.0	23.0	1
30	10	23.0	26.0	0
10	-10	26.0	27.0	2
-10	10	27.0	30.0	1
10	40	30.0	33.0	1
40	10	33.0	36.0	1
10	-20	36.0	37.0	1
-20	10	37.0	40.0	0
10	0	40.0	42.0	1
0	20	42.0	44.0	1
20	30	44.0	45.0	0
30	0	45.0	46.0	1
0	0	46.0	48.0	2
0	30	48.0	51.0	2
30	30	51.0	53.0	0
30	20	53.0	56.0	1
20	30	56.0	57.0	0
30	0	57.0	60.0	1
0	10	60.0	63.0	2
10	40	63.0	64.0	2
40	10	64.0	66.0	0
10	-10	66.0	67.0	1
-10	10	67.0	70.0	0
10	30	70.0	72.0	0
30	20	72.0	75.0	1
20	10	75.0	78.0	0
10	20	78.0	81.0	1
20	-10	81.0	83.0	1
-10	-20	83.0	84.0	1
-20	-20	84.0	87.0	2
-20	0	87.0	88.0	2
0	10	88.0	91.0	0
10	-10	91.0	92.0	2
-10	10	92.0	95.0	1
10	0	95.0	97.0	2
0	30	97.0	98.0	0
30	30	98.0	100.0	0
30	30	100.0	103.0	1
30	0	103.0	106.0	1
0	10	106.0	107.0	0
10	20	107.0	110.0	1
20	10	110.0	113.0	2
10	30	113.0	114.0	1
30	0	114.0	116.0	1
0	-10	116.0	119.0	1
-10	10	119.0	121.0	0
10	10	121.0	124.0	2
10	40	124.0	126.0	2
40	40	126.0	129.0	0
40	40	129.0	130.0	1
40	40	130.0	131.0	2
40	40	131.0	133.0	1
40	20	133.0	134.0	0
20	0	134.0	136.0	1
0	10	136.0	138.0	1
10	30	138.0	140.0	2
30	20	140.0	141.0	0
20	-10	141.0	142.0	1
-10	-10	142.0	145.0	1
-10	20	145.0	146.0	1
20	10	146.0	149.0	2
10	0	149.0	152.0	1
0	-10	152.0	154.0	1
-10	-30	154.0	155.0	1
-30	-10	155.0	157.0	0
-10	20	157.0	159.0	2
20	0	159.0	161.0	1
0	0	161.0	164.0	1
0	-20	164.0	167.0	1
-20	-30	167.0	169.0	1
-30	0	169.0	171.0	1
0	0	171.0	173.0	2
0	0	173.0	175.0	0
0	0	175.0	177.0	1
0	20	177.0	180.0	1
20	-10	180.0	182.0	2
-10	-40	182.0	183.0	1
-40	-20	183.0	185.0	1
-20	10	185.0	188.0	1
10	20	188.0	190.0	2
20	20	190.0	192.0	2
20	30	192.0	195.0	0
30	30	195.0	198.0	2
30	40	198.0	200.0	1
40	20	200.0	202.0	2
20	0	202.0	205.0	2
0	-10	205.0	207.0	1
-10	20	207.0	210.0	1
20	40	210.0	213.0	0
40	40	213.0	214.0	2
40	30	214.0	216.0	2
30	30	216.0	219.0	2
30	10	219.0	222.0	2
10	20	222.0	224.0	0
20	0	224.0	225.0	0
0	-20	225.0	226.0	2
-20	0	226.0	228.0	1
0	0	228.0	231.0	2
0	-10	231.0	234.0	0
-10	0	234.0	236.0	0
0	10	236.0	238.0	0
10	10	238.0	241.0	1
10	30	241.0	243.0	2
30	40	243.0	245.0	2
40	10	245.0	247.0	0
10	10	247.0	248.0	2
10	20	248.0	249.0	2
20	10	249.0	252.0	0
10	30	252.0	255.0	2
30	40	255.0	258.0	1
40	40	258.0	259.0	0
40	30	259.0	260.0	2
30	20	260.0	261.0	1
20	40	261.0	263.0	1
40	30	263.0	264.0	2
30	10	264.0	265.0	0
10	20	265.0	266.0	1
20	0	266.0	269.0	0
0	20	269.0	271.0	1
20	30	271.0	274.0	1
30	40	274.0	276.0	1
40	10	276.0	278.0	2
10	-20	278.0	280.0	0
-20	-40	280.0	283.0	1
-40	-20	283.0	285.0	2
-20	-10	285.0	286.0	2
-10	10	286.0	287.0	2
10	30	287.0	289.0	1
30	0	289.0	291.0	1
0	20	291.0	294.0	1
20	40	294.0	296.0	2
40	20	296.0	297.0	0
