0	0	0	2.0	0
0	20	2.0	3.0	0
20	40	3.0	6.0	0
40	20	6.0	8.0	1
20	0	8.0	9.0	1
0	20	9.0	10.0	1
20	0	10.0	12.0	1
0	-20	12.0	15.0	2
-20	10	15.0	17.0	1
10	0	17.0	19.0	1
0	20	19.0	21.0	2
20	40	21.0	24.0	1
40	40	24.0	27.0	1
40	10	27.0	30.0	2
10	40	30.0	32.0	1
40	30	32.0	34.0	2
30	40	34.0	36.0	1
40	40	36.0	39.0	1
40	40	39.0	42.0	0
40	20	42.0	45.0	0
20	10	45.0	47.0	2
10	-20	47.0	48.0	2
-20	-30	48.0	51.0	2
-30	0	51.0	53.0	1
0	20	53.0	54.0	2
20	20	54.0	57.0	2
20	-10	57.0	59.0	2
-10	0	59.0	61.0	2
0	-10	61.0	64.0	1
-10	-40	64.0	67.0	1
-40	-30	67.0	70.0	2
-30	0	70.0	73.0	0
0	10	73.0	74.0	2
10	-20	74.0	77.0	2
-20	-30	77.0	79.0	1
-30	-10	79.0	80.0	2
-10	-10	80.0	81.0	1
-10	-30	81.0	84.0	2
-30	-30	84.0	87.0	0
-30	-40	87.0	89.0	0
-40	-40	89.0	91.0	2
-40	-10	91.0	94.0	0
-10	0	94.0	96.0	2
0	-30	96.0	99.0	0
-30	-30	99.0	100.0	0
-30	-40	100.0	102.0	0
-40	-20	102.0	104.0	0
-20	-20	104.0	106.0	1
-20	-30	106.0	109.0	1
-30	-40	109.0	110.0	0
-40	-20	110.0	112.0	2
-20	0	112.0	113.0	0
0	-30	113.0	116.0	1
-30	-10	116.0	117.0	1
-10	-20	117.0	118.0	1
-20	-40	118.0	121.0	1
-40	-10	121.0	124.0	2
-10	-10	124.0	126.0	0
-10	0	126.0	129.0	0
0	-20	129.0	130.0	1
-20	-10	130.0	133.0	1
-10	20	133.0	134.0	1
20	10	134.0	137.0	2
10	-20	137.0	138.0	0
-20	-40	138.0	139.0	2
-40	-30	139.0	141.0	1
-30	-10	141.0	144.0	2
-10	-10	144.0	145.0	0
-10	-10	145.0	148.0	2
-10	10	148.0	151.0	2
10	40	151.0	154.0	1
40	20	154.0	157.0	1
20	40	157.0	159.0	1
40	10	159.0	161.0	2
10	40	161.0	164.0	2
40	30	164.0	165.0	0
30	20	165.0	166.0	1
20	10	166.0	168.0	1
10	10	168.0	169.0	2
10	40	169.0	172.0	1
40	40	172.0	174.0	2
40	10	174.0	177.0	0
10	30	177.0	179.0	2
30	10	179.0	181.0	1
10	-20	181.0	182.0	2
-20	10	182.0	185.0	0
10	0	185.0	188.0	2
0	20	188.0	190.0	0
20	30	190.0	191.0	0
30	40	191.0	192.0	2
40	10	192.0	193.0	0
10	0	193.0	195.0	2
0	-30	195.0	197.0	2
-30	-30	197.0	199.0	1
-30	-10	199.0	202.0	0
-10	-10	202.0	204.0	2
-10	-20	204.0	205.0	1
-20	0	205.0	207.0	0
0	-30	207.0	210.0	1
-30	0	210.0	213.0	2
0	30	213.0	215.0	2
30	40	215.0	216.0	2
40	40	216.0	219.0	1
40	10	219.0	222.0	0
10	40	222.0	223.0	0
40	40	223.0	226.0	2
40	20	226.0	229.0	0
20	30	229.0	230.0	1
30	20	230.0	231.0	0
20	20	231.0	233.0	0
20	20	233.0	235.0	2
20	30	235.0	237.0	2
30	10	237.0	238.0	1
10	0	238.0	240.0	2
0	-20	240.0	243.0	2
-20	10	243.0	245.0	1
10	40	245.0	248.0	0
40	40	248.0	250.0	0
40	40	250.0	253.0	2
40	30	253.0	255.0	2
30	10	255.0	258.0	1
10	-20	258.0	260.0	2
-20	0	260.0	263.0	2
0	20	263.0	264.0	2
20	30	264.0	266.0	1
30	10	266.0	267.0	2
10	30	267.0	269.0	0
30	20	269.0	272.0	2
20	40	272.0	274.0	2
40	20	274.0	277.0	2
20	20	277.0	279.0	1
20	0	279.0	280.0	0
0	0	280.0	281.0	0
0	10	281.0	283.0	0
10	40	283.0	286.0	0
40	10	286.0	289.0	1
10	30	289.0	290.0	0
30	40	290.0	293.0	0
40	20	293.0	296.0	1
20	20	296.0	298.0	2
