0	0	0	2.0	0
0	-30	2.0	5.0	0
-30	-20	5.0	6.0	1
-20	10	6.0	7.0	2
10	0	7.0	9.0	2
0	10	9.0	11.0	2
10	0	11.0	14.0	2
0	30	14.0	15.0	0
30	40	15.0	16.0	1
40	40	16.0	17.0	2
40	40	17.0	19.0	1
40	10	19.0	20.0	1
10	-10	20.0	22.0	2
-10	-40	22.0	24.0	1
-40	-40	24.0	27.0	0
-40	-30	27.0	30.0	0
-30	-40	30.0	31.0	0
-40	-20	31.0	32.0	1
-20	-20	32.0	35.0	1
-20	10	35.0	38.0	2
10	-10	38.0	41.0	2
-10	-10	41.0	44.0	2
-10	-30	44.0	46.0	1
-30	-10	46.0	49.0	0
-10	0	49.0	51.0	1
0	-30	51.0	52.0	1
-30	-20	52.0	53.0	0
-20	-30	53.0	54.0	1
-30	-30	54.0	55.0	2
-30	-10	55.0	58.0	0
-10	-20	58.0	61.0	2
-20	-20	61.0	64.0	2
-20	0	64.0	65.0	0
0	0	65.0	68.0	0
0	-10	68.0	71.0	2
-10	-40	71.0	74.0	2
-40	-20	74.0	75.0	2
-20	0	75.0	77.0	2
0	20	77.0	79.0	0
20	30	79.0	80.0	0
30	30	80.0	81.0	2
30	30	81.0	82.0	2
30	20	82.0	83.0	0
20	-10	83.0	84.0	0
-10	-10	84.0	87.0	2
-10	-40	87.0	89.0	1
-40	-40	89.0	92.0	2
-40	-10	92.0	95.0	0
-10	-40	95.0	97.0	1
-40	-40	97.0	100.0	2
-40	-20	100.0	103.0	0
-20	-20	103.0	105.0	0
-20	10	105.0	108.0	0
10	30	108.0	110.0	0
30	40	110.0	113.0	1
40	40	113.0	115.0	0
40	20	115.0	118.0	0
20	-10	118.0	119.0	0
-10	10	119.0	120.0	2
10	-10	120.0	123.0	0
-10	-10	123.0	125.0	2
-10	-30	125.0	128.0	2
-30	-10	128.0	129.0	2
-10	-10	129.0	130.0	1
-10	0	130.0	131.0	1
0	-30	131.0	133.0	0
-30	0	133.0	134.0	1
0	-30	134.0	136.0	0
-30	-10	136.0	138.0	0
-10	-20	138.0	139.0	1
-20	-30	139.0	140.0	1
-30	0	140.0	141.0	2
0	30	141.0	144.0	1
30	0	144.0	146.0	1
0	20	146.0	149.0	2
20	10	149.0	151.0	0
10	40	151.0	153.0	1
40	10	153.0	156.0	2
10	0	156.0	158.0	1
0	30	158.0	161.0	2
30	40	161.0	164.0	1
40	10	164.0	166.0	0
10	30	166.0	168.0	0
30	40	168.0	171.0	0
40	40	171.0	172.0	2
40	20	172.0	173.0	2
20	0	173.0	175.0	2
0	-30	175.0	177.0	1
-30	0	177.0	179.0	1
0	-10	179.0	181.0	2
-10	-40	181.0	182.0	2
-40	-40	182.0	184.0	0
-40	-40	184.0	187.0	2
-40	-40	187.0	189.0	1
-40	-20	189.0	191.0	2
-20	-40	191.0	192.0	0
-40	-20	192.0	194.0	1
-20	-10	194.0	197.0	1
-10	-40	197.0	198.0	2
-40	-40	198.0	199.0	2
-40	-10	199.0	201.0	2
-10	-40	201.0	202.0	2
-40	-30	202.0	205.0	0
-30	-10	205.0	208.0	2
-10	10	208.0	209.0	1
10	20	209.0	210.0	2
20	0	210.0	211.0	1
0	-20	211.0	212.0	2
-20	-40	212.0	214.0	1
-40	-40	214.0	216.0	0
-40	-30	216.0	217.0	1
-30	-10	217.0	218.0	1
-10	-40	218.0	220.0	2
-40	-10	220.0	222.0	1
-10	-10	222.0	225.0	1
-10	0	225.0	227.0	1
0	30	227.0	228.0	1
30	20	228.0	229.0	2
20	40	229.0	232.0	0
40	20	232.0	234.0	1
20	20	234.0	236.0	1
20	40	236.0	238.0	0
40	40	238.0	241.0	2
40	30	241.0	242.0	1
30	10	242.0	245.0	0
10	-20	245.0	248.0	0
-20	-30	248.0	251.0	2
-30	-20	251.0	253.0	1
-20	-20	253.0	256.0	2
-20	-30	256.0	257.0	1
-30	-10	257.0	259.0	2
-10	-10	259.0	262.0	2
-10	10	262.0	265.0	1
10	-20	265.0	268.0	1
-20	-20	268.0	269.0	2
-20	-30	269.0	270.0	0
-30	-10	270.0	271.0	0
-10	-10	271.0	272.0	1
-10	-30	272.0	274.0	1
-30	0	274.0	277.0	0
0	10	277.0	278.0	2
10	30	278.0	281.0	2
30	30	281.0	284.0	1
30	40	284.0	286.0	1
40	10	286.0	288.0	1
10	0	288.0	290.0	1
0	0	290.0	291.0	1
0	20	291.0	292.0	1
20	40	292.0	293.0	1
40	20	293.0	296.0	0
20	10	296.0	297.0	2
10	0	297.0	299.0	2
