0	0	0	2.0	0
0	0	2.0	3.0	2
0	0	3.0	6.0	0
0	-30	6.0	7.0	0
-30	-10	7.0	9.0	2
-10	-20	9.0	12.0	0
-20	10	12.0	14.0	2
10	40	14.0	15.0	2
40	20	15.0	18.0	2
20	30	18.0	19.0	0
30	30	19.0	20.0	0
30	0	20.0	21.0	1
0	-30	21.0	24.0	2
-30	0	24.0	26.0	0
0	10	26.0	29.0	0
10	0	29.0	32.0	0
0	30	32.0	34.0	1
30	30	34.0	36.0	2
30	30	36.0	38.0	0
30	0	38.0	41.0	2
0	-20	41.0	44.0	1
-20	10	44.0	47.0	0
10	40	47.0	48.0	1
40	30	48.0	50.0	0
30	40	50.0	52.0	0
40	10	52.0	53.0	1
10	-10	53.0	56.0	0
-10	-20	56.0	57.0	2
-20	-10	57.0	58.0	1
-10	-10	58.0	59.0	0
-10	0	59.0	60.0	2
0	-30	60.0	63.0	0
-30	-40	63.0	66.0	2
-40	-40	66.0	68.0	2
-40	-40	68.0	71.0	2
-40	-10	71.0	72.0	0
-10	10	72.0	74.0	0
10	30	74.0	76.0	2
30	0	76.0	77.0	1
0	30	77.0	78.0	1
30	40	78.0	80.0	1
40	40	80.0	82.0	1
40	20	82.0	84.0	0
20	20	84.0	87.0	0
20	-10	87.0	90.0	2
-10	20	90.0	92.0	2
20	-10	92.0	95.0	0
-10	-20	95.0	96.0	1
-20	0	96.0	98.0	0
0	30	98.0	100.0	0
30	40	100.0	101.0	1
40	10	101.0	104.0	0
10	20	104.0	107.0	2
20	-10	107.0	110.0	2
-10	-20	110.0	112.0	1
-20	-20	112.0	113.0	0
-20	10	113.0	114.0	2
10	40	114.0	116.0	1
40	30	116.0	117.0	1
30	10	117.0	120.0	1
10	30	120.0	121.0	2
30	30	121.0	122.0	2
30	20	122.0	125.0	0
20	-10	125.0	127.0	1
-10	20	127.0	128.0	0
20	30	128.0	131.0	0
30	10	131.0	132.0	1
10	20	132.0	133.0	1
20	10	133.0	136.0	0
10	40	136.0	138.0	1
40	10	138.0	141.0	1
10	-20	141.0	144.0	1
-20	-30	144.0	146.0	2
-30	-20	146.0	148.0	1
-20	-30	148.0	149.0	1
-30	-40	149.0	150.0	2
-40	-30	150.0	151.0	2
-30	0	151.0	154.0	0
0	0	154.0	155.0	0
0	20	155.0	157.0	2
20	40	157.0	160.0	1
40	10	160.0	161.0	0
10	10	161.0	164.0	2
10	0	164.0	165.0	2
0	20	165.0	167.0	0
20	0	167.0	170.0	1
0	30	170.0	173.0	1
30	0	173.0	174.0	0
0	-30	174.0	176.0	1
-30	-10	176.0	177.0	0
-10	20	177.0	180.0	2
20	10	180.0	181.0	0
10	-20	181.0	184.0	1
-20	10	184.0	187.0	0
10	10	187.0	190.0	2
10	-20	190.0	192.0	0
-20	0	192.0	195.0	1
0	20	195.0	198.0	1
20	20	198.0	201.0	2
20	30	201.0	204.0	2
30	40	204.0	205.0	0
40	20	205.0	208.0	2
20	40	208.0	209.0	0
40	30	209.0	211.0	0
30	30	211.0	213.0	1
30	20	213.0	216.0	2
20	30	216.0	219.0	2
30	30	219.0	222.0	0
30	10	222.0	223.0	1
10	20	223.0	226.0	0
20	20	226.0	228.0	0
20	40	228.0	229.0	2
40	40	229.0	231.0	0
40	20	231.0	233.0	0
20	-10	233.0	234.0	1
-10	-30	234.0	235.0	1
-30	0	235.0	237.0	0
0	-20	237.0	238.0	0
-20	-40	238.0	241.0	0
-40	-20	241.0	244.0	0
-20	-20	244.0	245.0	0
-20	-40	245.0	247.0	0
-40	-30	247.0	248.0	0
-30	-20	248.0	249.0	2
-20	-30	249.0	252.0	0
-30	-30	252.0	253.0	0
-30	-40	253.0	256.0	0
-40	-10	256.0	257.0	0
-10	20	257.0	258.0	2
20	40	258.0	261.0	2
40	10	261.0	262.0	2
10	0	262.0	265.0	1
0	10	265.0	267.0	1
10	-20	267.0	270.0	1
-20	-10	270.0	271.0	2
-10	-10	271.0	273.0	0
-10	-30	273.0	276.0	0
-30	-30	276.0	277.0	0
-30	-30	277.0	278.0	0
-30	-10	278.0	279.0	1
-10	-40	279.0	281.0	0
-40	-10	281.0	283.0	1
-10	10	283.0	284.0	2
10	30	284.0	286.0	2
30	30	286.0	288.0	2
30	0	288.0	290.0	0
0	30	290.0	291.0	2
30	10	291.0	292.0	0
10	-20	292.0	295.0	1
-20	-30	295.0	297.0	1
-30	-10	297.0	299.0	0
