0	0	0	2.0	0
0	20	2.0	4.0	0
20	-10	4.0	5.0	2
-10	-30	5.0	7.0	0
-30	-20	7.0	8.0	2
-20	0	8.0	11.0	0
0	10	11.0	12.0	1
10	0	12.0	14.0	2
0	30	14.0	16.0	1
30	40	16.0	17.0	2
40	20	17.0	20.0	0
20	20	20.0	23.0	0
20	10	23.0	26.0	1
10	30	26.0	28.0	2
30	0	28.0	31.0	2
0	20	31.0	34.0	1
20	-10	34.0	37.0	2
-10	-40	37.0	40.0	2
-40	-10	40.0	43.0	1
-10	-40	43.0	46.0	0
-40	-40	46.0	47.0	0
-40	-40	47.0	48.0	2
-40	-30	48.0	50.0	2
-30	-40	50.0	51.0	0
-40	-40	51.0	53.0	2
-40	-10	53.0	54.0	0
-10	0	54.0	57.0	1
0	-20	57.0	58.0	1
-20	-30	58.0	61.0	1
-30	-20	61.0	62.0	2
-20	-10	62.0	63.0	1
-10	-10	63.0	65.0	2
-10	0	65.0	67.0	2
0	0	67.0	70.0	0
0	30	70.0	72.0	0
30	30	72.0	74.0	2
30	40	74.0	76.0	2
40	20	76.0	77.0	0
20	10	77.0	80.0	0
10	30	80.0	82.0	1
30	30	82.0	83.0	0
30	0	83.0	86.0	0
0	10	86.0	89.0	1
10	30	89.0	91.0	2
30	40	91.0	92.0	1
40	40	92.0	93.0	1
40	40	93.0	96.0	2
40	20	96.0	97.0	0
20	20	97.0	100.0	2
20	0	100.0	102.0	1
0	0	102.0	103.0	1
0	-20	103.0	106.0	2
-20	0	106.0	107.0	1
0	20	107.0	110.0	0
20	20	110.0	111.0	0
20	10	111.0	114.0	0
10	30	114.0	115.0	1
30	10	115.0	117.0	0
10	-20	117.0	119.0	2
-20	0	119.0	120.0	2
0	30	120.0	122.0	1
30	40	122.0	124.0	2
40	20	124.0	127.0	0
20	10	127.0	128.0	0
10	0	128.0	129.0	1
0	0	129.0	130.0	0
0	30	130.0	132.0	1
30	30	132.0	135.0	2
30	20	135.0	136.0	2
20	10	136.0	137.0	1
10	10	137.0	140.0	1
10	40	140.0	143.0	1
40	30	143.0	145.0	1
30	20	145.0	146.0	1
20	30	146.0	147.0	0
30	10	147.0	148.0	0
10	-20	148.0	150.0	2
-20	-30	150.0	152.0	2
-30	-40	152.0	154.0	0
-40	-10	154.0	157.0	1
-10	-10	157.0	159.0	0
-10	-40	159.0	161.0	0
-40	-20	161.0	164.0	0
-20	-10	164.0	167.0	2
-10	10	167.0	170.0	2
10	-20	170.0	171.0	2
-20	-40	171.0	174.0	1
-40	-20	174.0	176.0	2
-20	-30	176.0	179.0	2
-30	-20	179.0	181.0	1
-20	-40	181.0	182.0	0
-40	-10	182.0	183.0	0
-10	-40	183.0	185.0	0
-40	-10	185.0	187.0	2
-10	20	187.0	188.0	1
20	30	188.0	189.0	2
30	30	189.0	191.0	1
30	20	191.0	192.0	0
20	30	192.0	195.0	0
30	40	195.0	196.0	0
40	40	196.0	198.0	1
40	40	198.0	201.0	2
40	40	201.0	204.0	0
40	30	204.0	205.0	0
30	40	205.0	208.0	2
40	10	208.0	210.0	0
10	10	210.0	213.0	0
10	40	213.0	216.0	1
40	10	216.0	218.0	1
10	-10	218.0	219.0	2
-10	0	219.0	221.0	2
0	20	221.0	223.0	0
20	10	223.0	226.0	1
10	10	226.0	229.0	0
10	10	229.0	232.0	2
10	0	232.0	235.0	2
0	0	235.0	236.0	2
0	-30	236.0	239.0	0
-30	-30	239.0	242.0	2
-30	-30	242.0	243.0	1
-30	-10	243.0	245.0	0
-10	-20	245.0	247.0	0
-20	-30	247.0	248.0	0
-30	-10	248.0	251.0	2
-10	0	251.0	253.0	0
0	-20	253.0	254.0	1
-20	-20	254.0	257.0	2
-20	-40	257.0	259.0	1
-40	-20	259.0	260.0	0
-20	10	260.0	261.0	1
10	40	261.0	262.0	2
40	10	262.0	263.0	0
10	0	263.0	264.0	0
0	-20	264.0	266.0	2
-20	-10	266.0	269.0	2
-10	-30	269.0	272.0	0
-30	-40	272.0	273.0	2
-40	-10	273.0	276.0	2
-10	-20	276.0	278.0	2
-20	-30	278.0	279.0	0
-30	-40	279.0	282.0	2
-40	-40	282.0	284.0	0
-40	-30	284.0	286.0	0
-30	-40	286.0	289.0	2
-40	-10	289.0	292.0	0
-10	10	292.0	293.0	2
10	40	293.0	296.0	0
40	20	296.0	298.0	2
