0	0	0	2.0	0
0	-30	2.0	3.0	1
-30	0	3.0	4.0	0
0	20	4.0	7.0	1
20	30	7.0	9.0	0
30	10	9.0	10.0	1
10	20	10.0	11.0	0
20	0	11.0	12.0	1
0	10	12.0	14.0	1
10	40	14.0	15.0	0
40	30	15.0	16.0	2
30	30	16.0	18.0	2
30	10	18.0	20.0	1
10	-10	20.0	21.0	0
-10	-30	21.0	24.0	0
-30	0	24.0	26.0	2
0	0	26.0	28.0	1
0	20	28.0	29.0	2
20	0	29.0	30.0	2
0	-30	30.0	31.0	1
-30	-20	31.0	34.0	0
-20	0	34.0	36.0	0
0	20	36.0	38.0	1
20	20	38.0	40.0	2
20	-10	40.0	41.0	1
-10	-40	41.0	42.0	2
-40	-10	42.0	44.0	1
-10	20	44.0	46.0	2
20	40	46.0	48.0	1
40	30	48.0	50.0	1
30	40	50.0	53.0	2
40	10	53.0	54.0	1
10	30	54.0	57.0	2
30	10	57.0	60.0	0
10	40	60.0	63.0	1
40	10	63.0	64.0	1
10	20	64.0	67.0	1
20	-10	67.0	68.0	1
-10	-40	68.0	69.0	1
-40	-10	69.0	70.0	1
-10	10	70.0	72.0	2
10	20	72.0	74.0	2
20	20	74.0	77.0	1
20	-10	77.0	80.0	1
-10	10	80.0	82.0	0
10	20	82.0	83.0	0
20	40	83.0	86.0	2
40	30	86.0	87.0	2
30	30	87.0	89.0	2
30	0	89.0	92.0	0
0	-20	92.0	94.0	1
-20	-10	94.0	96.0	1
-10	-40	96.0	99.0	0
-40	-10	99.0	100.0	2
-10	-10	100.0	101.0	1
-10	10	101.0	103.0	1
10	40	103.0	104.0	0
40	40	104.0	107.0	0
40	10	107.0	110.0	1
10	0	110.0	111.0	0
0	-10	111.0	113.0	0
-10	-20	113.0	114.0	2
-20	-10	114.0	117.0	0
-10	20	117.0	119.0	0
20	20	119.0	122.0	1
20	0	122.0	123.0	1
0	-20	123.0	126.0	2
-20	-20	126.0	128.0	1
-20	10	128.0	130.0	2
10	10	130.0	133.0	0
10	-20	133.0	136.0	1
-20	-40	136.0	137.0	2
-40	-20	137.0	138.0	0
-20	-30	138.0	139.0	1
-30	-10	139.0	141.0	0
-10	-30	141.0	143.0	0
-30	-10	143.0	146.0	0
-10	0	146.0	147.0	1
0	30	147.0	149.0	2
30	10	149.0	151.0	1
10	20	151.0	154.0	2
20	30	154.0	157.0	2
30	0	157.0	160.0	2
0	0	160.0	163.0	0
0	30	163.0	165.0	1
30	0	165.0	166.0	1
0	-30	166.0	167.0	2
-30	-20	167.0	170.0	2
-20	-40	170.0	171.0	1
-40	-30	171.0	174.0	2
-30	-40	174.0	175.0	2
-40	-30	175.0	176.0	2
-30	-10	176.0	178.0	2
-10	-40	178.0	181.0	0
-40	-30	181.0	182.0	1
-30	-10	182.0	184.0	0
-10	-30	184.0	186.0	2
-30	-30	186.0	187.0	2
-30	0	187.0	189.0	1
0	30	189.0	192.0	2
30	20	192.0	194.0	0
20	30	194.0	195.0	2
30	40	195.0	197.0	1
40	30	197.0	199.0	2
30	30	199.0	200.0	0
30	30	200.0	203.0	0
30	20	203.0	206.0	1
20	0	206.0	207.0	2
0	-20	207.0	209.0	1
-20	-40	209.0	212.0	0
-40	-20	212.0	215.0	1
-20	0	215.0	217.0	0
0	30	217.0	219.0	0
30	10	219.0	220.0	2
10	-10	220.0	223.0	2
-10	0	223.0	225.0	2
0	10	225.0	228.0	2
10	-10	228.0	230.0	0
-10	-20	230.0	231.0	0
-20	10	231.0	234.0	0
10	0	234.0	236.0	0
0	20	236.0	237.0	1
20	-10	237.0	239.0	2
-10	-30	239.0	242.0	0
-30	-40	242.0	243.0	2
-40	-10	243.0	245.0	0
-10	10	245.0	246.0	1
10	20	246.0	247.0	1
20	10	247.0	250.0	1
10	20	250.0	251.0	1
20	10	251.0	253.0	2
10	-10	253.0	254.0	1
-10	20	254.0	255.0	0
20	20	255.0	257.0	0
20	20	257.0	259.0	2
20	0	259.0	262.0	1
0	10	262.0	264.0	0
10	30	264.0	265.0	0
30	30	265.0	268.0	1
30	20	268.0	271.0	0
20	40	271.0	273.0	1
40	30	273.0	276.0	1
30	0	276.0	279.0	2
0	-20	279.0	281.0	0
-20	-40	281.0	282.0	0
-40	-40	282.0	284.0	0
-40	-10	284.0	287.0	2
-10	-30	287.0	290.0	0
-30	0	290.0	292.0	2
0	-10	292.0	293.0	1
-10	10	293.0	296.0	0
10	-20	296.0	298.0	2
