0	0	0	2.0	0
0	20	2.0	4.0	2
20	-10	4.0	6.0	2
-10	-30	6.0	7.0	2
-30	-40	7.0	8.0	1
-40	-40	8.0	11.0	0
-40	-20	11.0	13.0	0
-20	10	13.0	14.0	2
10	-20	14.0	16.0	1
-20	0	16.0	18.0	2
0	10	18.0	21.0	0
10	40	21.0	22.0	0
40	30	22.0	24.0	2
30	30	24.0	26.0	0
30	40	26.0	27.0	1
40	20	27.0	28.0	0
20	10	28.0	29.0	1
10	20	29.0	32.0	0
20	20	32.0	34.0	2
20	10	34.0	36.0	0
10	0	36.0	38.0	2
0	0	38.0	41.0	2
0	30	41.0	44.0	2
30	40	44.0	46.0	0
40	20	46.0	49.0	0
20	40	49.0	52.0	2
40	30	52.0	55.0	1
30	40	55.0	58.0	1
40	40	58.0	60.0	1
40	10	60.0	62.0	2
10	20	62.0	63.0	2
20	30	63.0	64.0	1
30	20	64.0	66.0	0
20	0	66.0	69.0	1
0	0	69.0	70.0	2
0	-20	70.0	71.0	0
-20	-30	71.0	74.0	2
-30	-40	74.0	75.0	1
-40	-40	75.0	76.0	0
-40	-40	76.0	77.0	1
-40	-10	77.0	79.0	2
-10	-10	79.0	82.0	0
-10	0	82.0	84.0	0
0	20	84.0	86.0	0
20	30	86.0	89.0	2
30	10	89.0	90.0	1
10	40	90.0	91.0	0
40	30	91.0	93.0	0
30	0	93.0	95.0	1
0	30	95.0	96.0	0
30	10	96.0	98.0	2
10	40	98.0	99.0	2
40	40	99.0	101.0	2
40	20	101.0	104.0	1
20	10	104.0	107.0	1
10	-10	107.0	110.0	2
-10	-10	110.0	113.0	2
-10	20	113.0	116.0	2
20	30	116.0	119.0	1
30	20	119.0	120.0	1
20	20	120.0	122.0	0
20	20	122.0	125.0	0
20	30	125.0	126.0	1
30	10	126.0	127.0	2
10	0	127.0	129.0	2
0	30	129.0	130.0	2
30	10	130.0	133.0	0
10	40	133.0	135.0	2
40	20	135.0	138.0	1
20	30	138.0	140.0	0
30	20	140.0	142.0	2
20	-10	142.0	144.0	0
-10	20	144.0	147.0	2
20	-10	147.0	148.0	2
-10	-30	148.0	149.0	2
-30	-20	149.0	150.0	0
-20	-40	150.0	152.0	1
-40	-10	152.0	153.0	2
-10	10	153.0	155.0	1
10	40	155.0	156.0	1
40	40	156.0	157.0	2
40	10	157.0	159.0	2
10	20	159.0	160.0	1
20	20	160.0	161.0	1
20	0	161.0	163.0	0
0	-10	163.0	165.0	1
-10	-20	165.0	168.0	2
-20	10	168.0	171.0	0
10	0	171.0	172.0	2
0	0	172.0	175.0	2
0	30	175.0	177.0	1
30	10	177.0	179.0	1
10	10	179.0	180.0	0
10	40	180.0	182.0	2
40	20	182.0	183.0	0
20	10	183.0	186.0	2
10	10	186.0	189.0	0
10	20	189.0	192.0	2
20	0	192.0	194.0	1
0	10	194.0	196.0	2
10	20	196.0	197.0	2
20	40	197.0	200.0	2
40	20	200.0	201.0	1
20	40	201.0	202.0	2
40	10	202.0	205.0	2
10	20	205.0	208.0	1
20	-10	208.0	210.0	0
-10	-20	210.0	211.0	1
-20	-10	211.0	214.0	2
-10	-30	214.0	217.0	1
-30	-10	217.0	218.0	2
-10	-10	218.0	220.0	0
-10	-30	220.0	222.0	1
-30	0	222.0	225.0	1
0	-10	225.0	228.0	1
-10	-40	228.0	230.0	2
-40	-20	230.0	231.0	0
-20	0	231.0	234.0	1
0	-20	234.0	235.0	1
-20	-10	235.0	238.0	0
-10	-20	238.0	239.0	2
-20	-10	239.0	240.0	0
-10	-40	240.0	242.0	1
-40	-30	242.0	244.0	1
-30	-30	244.0	246.0	2
-30	0	246.0	247.0	2
0	20	247.0	248.0	2
20	40	248.0	251.0	2
40	40	251.0	254.0	0
40	20	254.0	257.0	1
20	20	257.0	259.0	2
20	0	259.0	260.0	0
0	10	260.0	263.0	2
10	-10	263.0	266.0	1
-10	-30	266.0	269.0	2
-30	-40	269.0	270.0	2
-40	-10	270.0	273.0	2
-10	-20	273.0	274.0	0
-20	-10	274.0	275.0	0
-10	-20	275.0	277.0	1
-20	-30	277.0	280.0	2
-30	-40	280.0	281.0	0
-40	-20	281.0	284.0	1
-20	0	284.0	286.0	1
0	-30	286.0	289.0	0
-30	0	289.0	291.0	1
0	0	291.0	294.0	1
0	0	294.0	297.0	2
0	20	297.0	298.0	0
