0	0	0	2.0	0
0	0	2.0	5.0	1
0	0	5.0	6.0	1
0	0	6.0	7.0	1
0	-30	7.0	10.0	2
-30	-10	10.0	12.0	1
-10	0	12.0	14.0	1
0	30	14.0	16.0	0
30	0	16.0	19.0	2
0	30	19.0	21.0	1
30	0	21.0	23.0	0
0	-10	23.0	25.0	0
-10	-20	25.0	27.0	1
-20	-20	27.0	29.0	1
-20	-20	29.0	31.0	0
-20	-10	31.0	34.0	2
-10	-30	34.0	37.0	0
-30	-20	37.0	39.0	1
-20	-10	39.0	42.0	0
-10	-30	42.0	44.0	1
-30	-40	44.0	45.0	2
-40	-10	45.0	48.0	2
-10	-20	48.0	49.0	1
-20	-40	49.0	52.0	2
-40	-30	52.0	53.0	0
-30	-40	53.0	54.0	0
-40	-20	54.0	55.0	2
-20	10	55.0	58.0	1
10	-20	58.0	60.0	1
-20	-40	60.0	62.0	0
-40	-10	62.0	65.0	2
-10	-30	65.0	67.0	2
-30	-10	67.0	69.0	1
-10	-20	69.0	72.0	2
-20	0	72.0	75.0	1
0	0	75.0	76.0	2
0	-10	76.0	77.0	2
-10	10	77.0	79.0	0
10	10	79.0	82.0	0
10	-20	82.0	84.0	1
-20	-10	84.0	86.0	2
-10	-20	86.0	88.0	1
-20	0	88.0	89.0	2
0	-30	89.0	91.0	0
-30	-30	91.0	92.0	2
-30	-10	92.0	93.0	0
-10	20	93.0	94.0	1
20	40	94.0	96.0	1
40	40	96.0	99.0	2
40	20	99.0	101.0	0
20	10	101.0	102.0	0
10	0	102.0	103.0	0
0	0	103.0	106.0	1
0	30	106.0	107.0	0
30	0	107.0	108.0	0
0	0	108.0	109.0	1
0	-20	109.0	111.0	1
-20	-30	111.0	114.0	2
-30	-10	114.0	115.0	1
-10	-20	115.0	118.0	2
-20	-40	118.0	120.0	2
-40	-40	120.0	123.0	1
-40	-40	123.0	126.0	1
-40	-20	126.0	127.0	0
-20	-20	127.0	130.0	1
-20	10	130.0	132.0	2
10	0	132.0	134.0	1
0	20	134.0	136.0	0
20	-10	136.0	138.0	1
-10	20	138.0	139.0	0
20	-10	139.0	140.0	1
-10	20	140.0	142.0	0
20	20	142.0	145.0	1
20	10	145.0	148.0	0
10	40	148.0	150.0	0
40	20	150.0	151.0	0
20	40	151.0	153.0	2
40	20	153.0	156.0	1
20	40	156.0	157.0	0
40	10	157.0	160.0	0
10	20	160.0	162.0	2
20	-10	162.0	165.0	2
-10	10	165.0	167.0	1
10	0	167.0	170.0	0
0	30	170.0	173.0	1
30	40	173.0	176.0	2
40	40	176.0	179.0	0
40	10	179.0	181.0	0
10	20	181.0	184.0	2
20	0	184.0	187.0	0
0	-20	187.0	188.0	1
-20	10	188.0	190.0	1
10	-20	190.0	192.0	2
-20	-10	192.0	194.0	1
-10	-40	194.0	196.0	0
-40	-20	196.0	198.0	2
-20	10	198.0	201.0	2
10	30	201.0	204.0	2
30	0	204.0	205.0	1
0	-20	205.0	206.0	2
-20	0	206.0	208.0	0
0	10	208.0	210.0	2
10	40	210.0	212.0	1
40	30	212.0	215.0	1
30	30	215.0	216.0	1
30	10	216.0	218.0	0
10	10	218.0	220.0	2
10	10	220.0	221.0	1
10	20	221.0	222.0	0
20	20	222.0	224.0	1
20	10	224.0	226.0	2
10	40	226.0	227.0	0
40	40	227.0	229.0	2
40	20	229.0	230.0	1
20	40	230.0	232.0	2
40	40	232.0	233.0	0
40	40	233.0	235.0	1
40	10	235.0	238.0	2
10	20	238.0	240.0	1
20	0	240.0	243.0	0
0	-20	243.0	244.0	2
-20	-40	244.0	246.0	1
-40	-10	246.0	247.0	1
-10	-10	247.0	249.0	2
-10	-40	249.0	252.0	1
-40	-30	252.0	254.0	1
-30	-30	254.0	255.0	0
-30	0	255.0	256.0	2
0	-20	256.0	258.0	1
-20	10	258.0	260.0	1
10	40	260.0	262.0	0
40	40	262.0	264.0	0
40	30	264.0	265.0	2
30	40	265.0	266.0	1
40	10	266.0	267.0	1
10	10	267.0	269.0	1
10	-20	269.0	270.0	1
-20	-40	270.0	271.0	2
-40	-30	271.0	272.0	0
-30	-20	272.0	273.0	1
-20	10	273.0	276.0	2
10	40	276.0	277.0	0
40	20	277.0	280.0	0
20	0	280.0	282.0	0
0	-10	282.0	285.0	0
-10	20	285.0	287.0	2
20	10	287.0	290.0	0
10	-10	290.0	293.0	1
-10	-20	293.0	295.0	1
-20	-40	295.0	297.0	1
-40	-20	297.0	298.0	1
