0	0	0	2.0	0
0	-10	2.0	4.0	1
-10	0	4.0	6.0	2
0	30	6.0	9.0	1
30	30	9.0	10.0	1
30	0	10.0	12.0	2
0	0	12.0	14.0	2
0	30	14.0	16.0	1
30	40	16.0	19.0	1
40	10	19.0	21.0	0
10	40	21.0	23.0	1
40	10	23.0	25.0	0
10	40	25.0	26.0	0
40	30	26.0	27.0	0
30	20	27.0	29.0	0
20	0	29.0	32.0	0
0	-30	32.0	35.0	1
-30	-10	35.0	38.0	0
-10	10	38.0	40.0	1
10	30	40.0	42.0	2
30	20	42.0	43.0	2
20	10	43.0	45.0	2
10	-10	45.0	48.0	0
-10	-20	48.0	51.0	1
-20	-10	51.0	52.0	1
-10	-10	52.0	55.0	1
-10	-30	55.0	57.0	1
-30	-30	57.0	60.0	0
-30	0	60.0	62.0	2
0	-20	62.0	63.0	2
-20	-20	63.0	65.0	0
-20	-10	65.0	67.0	2
-10	10	67.0	69.0	2
10	40	69.0	72.0	2
40	10	72.0	74.0	0
10	10	74.0	77.0	0
10	0	77.0	79.0	2
0	0	79.0	80.0	2
0	-30	80.0	83.0	0
-30	-30	83.0	85.0	2
-30	0	85.0	88.0	0
0	0	88.0	91.0	2
0	-20	91.0	94.0	1
-20	-40	94.0	95.0	1
-40	-20	95.0	96.0	1
-20	-40	96.0	98.0	2
-40	-40	98.0	101.0	1
-40	-20	101.0	102.0	1
-20	-30	102.0	103.0	1
-30	0	103.0	105.0	2
0	30	105.0	108.0	2
30	20	108.0	110.0	0
20	10	110.0	113.0	1
10	-20	113.0	115.0	2
-20	-20	115.0	116.0	1
-20	-10	116.0	118.0	2
-10	-10	118.0	119.0	1
-10	-30	119.0	120.0	2
-30	-20	120.0	122.0	2
-20	10	122.0	123.0	0
10	20	123.0	126.0	1
20	10	126.0	129.0	1
10	20	129.0	130.0	0
20	-10	130.0	133.0	1
-10	-40	133.0	135.0	2
-40	-20	135.0	136.0	2
-20	-20	136.0	138.0	1
-20	-20	138.0	139.0	2
-20	-30	139.0	141.0	1
-30	-10	141.0	144.0	2
-10	-20	144.0	146.0	1
-20	-20	146.0	148.0	0
-20	-30	148.0	149.0	1
-30	0	149.0	151.0	0
0	-20	151.0	153.0	1
-20	10	153.0	155.0	1
10	-10	155.0	158.0	0
-10	20	158.0	161.0	1
20	30	161.0	164.0	2
30	40	164.0	167.0	2
40	40	167.0	169.0	2
40	20	169.0	172.0	0
20	40	172.0	175.0	1
40	30	175.0	176.0	1
30	40	176.0	177.0	2
40	20	177.0	180.0	0
20	0	180.0	183.0	1
0	-20	183.0	185.0	1
-20	-20	185.0	186.0	0
-20	10	186.0	188.0	0
10	-10	188.0	190.0	0
-10	-40	190.0	193.0	0
-40	-30	193.0	196.0	1
-30	-40	196.0	198.0	1
-40	-30	198.0	199.0	2
-30	0	199.0	201.0	0
0	20	201.0	203.0	0
20	30	203.0	206.0	0
30	40	206.0	207.0	2
40	10	207.0	209.0	1
10	0	209.0	211.0	1
0	-20	211.0	212.0	2
-20	0	212.0	213.0	2
0	10	213.0	216.0	1
10	-20	216.0	217.0	1
-20	-20	217.0	218.0	1
-20	-10	218.0	219.0	1
-10	-30	219.0	220.0	0
-30	-40	220.0	223.0	0
-40	-40	223.0	226.0	0
-40	-20	226.0	227.0	0
-20	0	227.0	228.0	1
0	-10	228.0	230.0	2
-10	-10	230.0	231.0	0
-10	-20	231.0	234.0	2
-20	10	234.0	236.0	2
10	0	236.0	237.0	1
0	0	237.0	239.0	2
0	-30	239.0	241.0	2
-30	-20	241.0	244.0	2
-20	10	244.0	247.0	1
10	20	247.0	248.0	2
20	-10	248.0	249.0	1
-10	20	249.0	252.0	2
20	20	252.0	254.0	1
20	0	254.0	256.0	0
0	20	256.0	258.0	0
20	40	258.0	259.0	2
40	40	259.0	262.0	2
40	30	262.0	263.0	1
30	10	263.0	266.0	1
10	40	266.0	269.0	2
40	20	269.0	270.0	2
20	30	270.0	272.0	0
30	0	272.0	274.0	0
0	20	274.0	277.0	1
20	0	277.0	279.0	1
0	20	279.0	281.0	0
20	20	281.0	283.0	0
20	30	283.0	284.0	1
30	20	284.0	285.0	1
20	40	285.0	286.0	2
40	40	286.0	288.0	0
40	10	288.0	289.0	0
10	40	289.0	292.0	0
40	30	292.0	295.0	2
30	20	295.0	296.0	0
20	-10	296.0	298.0	1
