0	0	0	2.0	0
0	30	2.0	3.0	0
30	10	3.0	5.0	1
10	10	5.0	7.0	0
10	10	7.0	9.0	2
10	30	9.0	10.0	2
30	30	10.0	12.0	1
30	30	12.0	15.0	1
30	20	15.0	17.0	0
20	30	17.0	18.0	2
30	40	18.0	20.0	1
40	10	20.0	22.0	0
10	0	22.0	24.0	0
0	20	24.0	25.0	0
20	-10	25.0	26.0	1
-10	-10	26.0	27.0	0
-10	10	27.0	30.0	1
10	0	30.0	32.0	2
0	-30	32.0	35.0	1
-30	-40	35.0	38.0	1
-40	-40	38.0	40.0	1
-40	-10	40.0	41.0	1
-10	-40	41.0	42.0	2
-40	-30	42.0	44.0	1
-30	-10	44.0	47.0	2
-10	20	47.0	48.0	1
20	0	48.0	49.0	0
0	0	49.0	50.0	2
0	20	50.0	53.0	0
20	10	53.0	54.0	2
10	-10	54.0	57.0	2
-10	-10	57.0	59.0	0
-10	-30	59.0	60.0	0
-30	0	60.0	63.0	0
0	0	63.0	66.0	2
0	0	66.0	69.0	2
0	20	69.0	71.0	2
20	10	71.0	72.0	1
10	0	72.0	74.0	2
0	-10	74.0	77.0	0
-10	20	77.0	78.0	1
20	10	78.0	80.0	1
10	-20	80.0	82.0	0
-20	10	82.0	84.0	1
10	30	84.0	86.0	1
30	40	86.0	88.0	2
40	30	88.0	91.0	2
30	0	91.0	94.0	0
0	-10	94.0	97.0	1
-10	10	97.0	99.0	2
10	10	99.0	101.0	0
10	30	101.0	103.0	2
30	10	103.0	106.0	1
10	20	106.0	108.0	0
20	20	108.0	110.0	2
20	40	110.0	111.0	1
40	40	111.0	113.0	1
40	40	113.0	116.0	1
40	30	116.0	118.0	2
30	30	118.0	120.0	1
30	10	120.0	123.0	0
10	20	123.0	126.0	0
20	-10	126.0	128.0	2
-10	10	128.0	131.0	1
10	-10	131.0	134.0	0
-10	10	134.0	137.0	2
10	20	137.0	139.0	0
20	10	139.0	140.0	2
10	-10	140.0	143.0	0
-10	-10	143.0	145.0	2
-10	-10	145.0	148.0	0
-10	20	148.0	149.0	0
20	40	149.0	152.0	2
40	40	152.0	155.0	1
40	20	155.0	156.0	2
20	20	156.0	157.0	2
20	-10	157.0	160.0	2
-10	-20	160.0	161.0	1
-20	-10	161.0	164.0	1
-10	10	164.0	167.0	1
10	20	167.0	168.0	1
20	-10	168.0	170.0	2
-10	-20	170.0	172.0	1
-20	-20	172.0	173.0	1
-20	-30	173.0	175.0	0
-30	-30	175.0	177.0	2
-30	0	177.0	179.0	1
0	-10	179.0	182.0	1
-10	0	182.0	184.0	0
0	-20	184.0	187.0	0
-20	-10	187.0	188.0	0
-10	-10	188.0	189.0	2
-10	0	189.0	191.0	2
0	-10	191.0	194.0	2
-10	-30	194.0	196.0	0
-30	-40	196.0	198.0	2
-40	-10	198.0	200.0	2
-10	20	200.0	202.0	1
20	20	202.0	204.0	1
20	20	204.0	206.0	1
20	0	206.0	207.0	1
0	30	207.0	209.0	0
30	10	209.0	210.0	2
10	0	210.0	213.0	0
0	30	213.0	214.0	2
30	0	214.0	217.0	2
0	-30	217.0	219.0	0
-30	-40	219.0	222.0	0
-40	-30	222.0	224.0	2
-30	-40	224.0	225.0	1
-40	-40	225.0	226.0	2
-40	-20	226.0	229.0	2
-20	-20	229.0	232.0	2
-20	10	232.0	235.0	2
10	20	235.0	238.0	2
20	20	238.0	240.0	1
20	40	240.0	242.0	0
40	30	242.0	243.0	2
30	40	243.0	245.0	0
40	20	245.0	246.0	2
20	40	246.0	249.0	0
40	10	249.0	250.0	1
10	30	250.0	253.0	2
30	0	253.0	256.0	2
0	-10	256.0	258.0	0
-10	-10	258.0	261.0	2
-10	-20	261.0	263.0	2
-20	-20	263.0	265.0	0
-20	-40	265.0	268.0	1
-40	-30	268.0	269.0	2
-30	0	269.0	270.0	2
0	-20	270.0	272.0	1
-20	0	272.0	273.0	0
0	10	273.0	275.0	2
10	20	275.0	277.0	1
20	-10	277.0	280.0	1
-10	-10	280.0	283.0	1
-10	-30	283.0	284.0	2
-30	0	284.0	285.0	1
0	20	285.0	287.0	1
20	20	287.0	289.0	2
20	10	289.0	292.0	2
10	10	292.0	293.0	1
10	40	293.0	295.0	0
40	40	295.0	297.0	1
40	40	297.0	299.0	1
