0	0	0	2.0	0
0	-20	2.0	5.0	0
-20	10	5.0	6.0	1
10	-20	6.0	9.0	2
-20	-10	9.0	12.0	0
-10	-10	12.0	13.0	2
-10	-10	13.0	15.0	1
-10	-30	15.0	18.0	0
-30	-30	18.0	19.0	2
-30	-20	19.0	21.0	2
-20	-20	21.0	23.0	2
-20	-40	23.0	25.0	0
-40	-30	25.0	28.0	1
-30	-10	28.0	31.0	0
-10	-30	31.0	33.0	2
-30	-40	33.0	36.0	0
-40	-30	36.0	38.0	0
-30	-20	38.0	41.0	1
-20	-10	41.0	44.0	1
-10	0	44.0	47.0	0
0	-10	47.0	48.0	1
-10	-30	48.0	51.0	0
-30	-40	51.0	54.0	2
-40	-40	54.0	57.0	0
-40	-30	57.0	59.0	2
-30	-10	59.0	62.0	1
-10	20	62.0	64.0	1
20	30	64.0	66.0	2
30	0	66.0	68.0	0
0	-10	68.0	71.0	2
-10	10	71.0	72.0	0
10	20	72.0	74.0	0
20	30	74.0	75.0	1
30	10	75.0	78.0	2
10	-10	78.0	79.0	1
-10	-40	79.0	81.0	0
-40	-20	81.0	84.0	2
-20	-20	84.0	85.0	1
-20	-10	85.0	88.0	0
-10	-10	88.0	89.0	0
-10	-20	89.0	91.0	0
-20	-30	91.0	94.0	0
-30	-30	94.0	95.0	1
-30	-10	95.0	96.0	1
-10	20	96.0	98.0	2
20	10	98.0	101.0	1
10	0	101.0	104.0	0
0	-30	104.0	107.0	0
-30	-30	107.0	108.0	0
-30	-30	108.0	110.0	2
-30	-20	110.0	112.0	1
-20	0	112.0	114.0	0
0	0	114.0	116.0	2
0	-30	116.0	118.0	1
-30	0	118.0	121.0	1
0	-30	121.0	124.0	0
-30	-40	124.0	127.0	2
-40	-10	127.0	128.0	0
-10	0	128.0	130.0	0
0	10	130.0	133.0	0
10	30	133.0	136.0	1
30	0	136.0	137.0	1
0	-30	137.0	140.0	2
-30	-20	140.0	142.0	2
-20	-40	142.0	145.0	2
-40	-40	145.0	148.0	1
-40	-20	148.0	150.0	1
-20	-10	150.0	151.0	1
-10	-40	151.0	154.0	2
-40	-40	154.0	156.0	0
-40	-40	156.0	159.0	1
-40	-30	159.0	161.0	1
-30	-30	161.0	163.0	0
-30	-20	163.0	165.0	1
-20	10	165.0	166.0	0
10	30	166.0	167.0	2
30	0	167.0	168.0	0
0	0	168.0	170.0	0
0	-30	170.0	171.0	1
-30	-40	171.0	173.0	1
-40	-30	173.0	174.0	2
-30	-20	174.0	176.0	0
-20	0	176.0	179.0	0
0	30	179.0	182.0	0
30	10	182.0	184.0	0
10	10	184.0	186.0	1
10	-10	186.0	187.0	2
-10	0	187.0	190.0	1
0	0	190.0	193.0	1
0	10	193.0	195.0	0
10	0	195.0	197.0	2
0	-20	197.0	199.0	0
-20	0	199.0	200.0	1
0	-20	200.0	201.0	1
-20	-20	201.0	202.0	2
-20	10	202.0	205.0	1
10	30	205.0	207.0	0
30	10	207.0	208.0	2
10	40	208.0	209.0	2
40	20	209.0	210.0	0
20	10	210.0	211.0	1
10	40	211.0	213.0	1
40	10	213.0	216.0	0
10	10	216.0	219.0	0
10	-10	219.0	220.0	2
-10	20	220.0	223.0	0
20	40	223.0	225.0	1
40	30	225.0	227.0	0
30	40	227.0	230.0	2
40	10	230.0	231.0	1
10	-20	231.0	233.0	1
-20	-30	233.0	236.0	2
-30	0	236.0	239.0	0
0	-10	239.0	241.0	1
-10	10	241.0	244.0	1
10	-10	244.0	247.0	2
-10	-20	247.0	249.0	0
-20	0	249.0	252.0	2
0	-10	252.0	255.0	1
-10	20	255.0	256.0	2
20	20	256.0	257.0	0
20	-10	257.0	259.0	2
-10	0	259.0	260.0	1
0	20	260.0	261.0	2
20	10	261.0	262.0	2
10	20	262.0	264.0	1
20	40	264.0	265.0	0
40	20	265.0	267.0	2
20	30	267.0	270.0	2
30	40	270.0	272.0	0
40	40	272.0	273.0	2
40	40	273.0	276.0	1
40	20	276.0	278.0	1
20	40	278.0	280.0	0
40	30	280.0	282.0	2
30	30	282.0	283.0	1
30	30	283.0	286.0	0
30	0	286.0	288.0	0
0	10	288.0	290.0	2
10	-20	290.0	293.0	1
-20	-40	293.0	296.0	2
-40	-20	296.0	298.0	2
