0	0	0	2.0	0
0	-20	2.0	3.0	2
-20	-20	3.0	4.0	0
-20	0	4.0	6.0	2
0	30	6.0	8.0	1
30	10	8.0	11.0	1
10	20	11.0	14.0	1
20	-10	14.0	15.0	1
-10	20	15.0	18.0	1
20	20	18.0	19.0	1
20	40	19.0	20.0	0
40	40	20.0	21.0	1
40	40	21.0	22.0	0
40	20	22.0	24.0	0
20	-10	24.0	26.0	1
-10	-30	26.0	28.0	2
-30	-20	28.0	30.0	0
-20	-20	30.0	32.0	2
-20	-40	32.0	34.0	1
-40	-30	34.0	35.0	2
-30	-30	35.0	38.0	2
-30	-10	38.0	40.0	1
-10	10	40.0	43.0	0
10	10	43.0	45.0	1
10	10	45.0	47.0	1
10	10	47.0	48.0	0
10	30	48.0	50.0	0
30	40	50.0	53.0	1
40	30	53.0	56.0	1
30	10	56.0	59.0	0
10	20	59.0	60.0	0
20	30	60.0	63.0	0
30	20	63.0	66.0	1
20	20	66.0	69.0	1
20	20	69.0	72.0	0
20	20	72.0	73.0	1
20	0	73.0	74.0	0
0	-20	74.0	77.0	0
-20	0	77.0	80.0	1
0	-10	80.0	83.0	0
-10	-40	83.0	84.0	0
-40	-30	84.0	86.0	2
-30	0	86.0	87.0	2
0	30	87.0	90.0	2
30	10	90.0	92.0	1
10	-10	92.0	94.0	0
-10	20	94.0	96.0	0
20	0	96.0	98.0	1
0	20	98.0	100.0	2
20	-10	100.0	102.0	2
-10	-20	102.0	105.0	1
-20	-10	105.0	107.0	2
-10	-30	107.0	108.0	0
-30	0	108.0	110.0	1
0	0	110.0	111.0	1
0	10	111.0	114.0	1
10	30	114.0	116.0	1
30	40	116.0	117.0	0
40	40	117.0	119.0	2
40	30	119.0	121.0	0
30	30	121.0	122.0	0
30	20	122.0	124.0	2
20	10	124.0	126.0	1
10	0	126.0	127.0	2
0	30	127.0	128.0	2
30	0	128.0	130.0	2
0	0	130.0	133.0	0
0	30	133.0	136.0	0
30	0	136.0	137.0	0
0	10	137.0	140.0	0
10	10	140.0	142.0	1
10	10	142.0	143.0	0
10	-20	143.0	145.0	1
-20	-40	145.0	148.0	2
-40	-30	148.0	151.0	1
-30	-40	151.0	153.0	2
-40	-40	153.0	156.0	2
-40	-20	156.0	157.0	2
-20	-40	157.0	158.0	0
-40	-40	158.0	160.0	2
-40	-10	160.0	162.0	2
-10	0	162.0	163.0	2
0	0	163.0	165.0	0
0	20	165.0	167.0	0
20	0	167.0	170.0	1
0	10	170.0	171.0	2
10	0	171.0	172.0	2
0	30	172.0	175.0	1
30	10	175.0	176.0	0
10	20	176.0	177.0	1
20	20	177.0	179.0	2
20	10	179.0	182.0	2
10	20	182.0	184.0	2
20	30	184.0	186.0	1
30	0	186.0	189.0	1
0	-30	189.0	192.0	0
-30	-10	192.0	194.0	1
-10	-20	194.0	197.0	0
-20	-20	197.0	200.0	1
-20	10	200.0	202.0	0
10	30	202.0	204.0	1
30	20	204.0	207.0	1
20	30	207.0	208.0	2
30	0	208.0	210.0	2
0	10	210.0	211.0	2
10	40	211.0	212.0	0
40	20	212.0	215.0	0
20	20	215.0	218.0	2
20	-10	218.0	219.0	1
-10	-30	219.0	220.0	1
-30	-30	220.0	223.0	1
-30	-20	223.0	224.0	0
-20	0	224.0	227.0	1
0	30	227.0	229.0	2
30	30	229.0	231.0	0
30	30	231.0	232.0	1
30	40	232.0	234.0	1
40	20	234.0	235.0	0
20	40	235.0	237.0	0
40	40	237.0	240.0	0
40	20	240.0	242.0	0
20	40	242.0	245.0	1
40	30	245.0	248.0	1
30	10	248.0	250.0	0
10	20	250.0	251.0	2
20	0	251.0	252.0	2
0	20	252.0	255.0	1
20	10	255.0	258.0	0
10	-20	258.0	260.0	0
-20	-30	260.0	263.0	0
-30	-30	263.0	266.0	0
-30	0	266.0	269.0	2
0	-10	269.0	271.0	0
-10	10	271.0	272.0	1
10	-20	272.0	275.0	2
-20	-40	275.0	278.0	1
-40	-20	278.0	281.0	0
-20	-40	281.0	283.0	2
-40	-40	283.0	284.0	0
-40	-40	284.0	286.0	2
-40	-10	286.0	289.0	2
-10	-10	289.0	290.0	2
-10	-40	290.0	292.0	1
-40	-30	292.0	294.0	2
-30	-20	294.0	295.0	2
-20	-20	295.0	298.0	2
