0	0	0	2.0	0
0	20	2.0	5.0	2
20	40	5.0	7.0	2
40	30	7.0	9.0	2
30	0	9.0	12.0	1
0	-30	12.0	13.0	1
-30	-10	13.0	15.0	1
-10	-30	15.0	17.0	0
-30	-30	17.0	18.0	0
-30	-30	18.0	19.0	0
-30	-10	19.0	21.0	1
-10	10	21.0	23.0	1
10	-20	23.0	25.0	1
-20	-20	25.0	26.0	1
-20	-10	26.0	27.0	2
-10	10	27.0	29.0	1
10	40	29.0	30.0	2
40	40	30.0	31.0	2
40	30	31.0	33.0	0
30	0	33.0	36.0	2
0	10	36.0	37.0	1
10	-20	37.0	39.0	0
-20	-20	39.0	41.0	0
-20	-30	41.0	44.0	1
-30	-10	44.0	46.0	2
-10	0	46.0	48.0	1
0	20	48.0	50.0	1
20	20	50.0	51.0	1
20	30	51.0	52.0	0
30	0	52.0	54.0	0
0	-20	54.0	55.0	0
-20	0	55.0	58.0	0
0	10	58.0	59.0	0
10	10	59.0	60.0	2
10	40	60.0	61.0	0
40	40	61.0	62.0	1
40	40	62.0	63.0	0
40	40	63.0	64.0	2
40	30	64.0	67.0	0
30	10	67.0	69.0	1
10	10	69.0	70.0	2
10	-10	70.0	72.0	0
-10	-40	72.0	73.0	1
-40	-40	73.0	75.0	2
-40	-10	75.0	77.0	1
-10	-40	77.0	78.0	2
-40	-20	78.0	80.0	2
-20	-20	80.0	83.0	0
-20	-40	83.0	84.0	0
-40	-40	84.0	87.0	2
-40	-10	87.0	89.0	0
-10	0	89.0	90.0	0
0	0	90.0	91.0	2
0	-20	91.0	92.0	0
-20	0	92.0	94.0	0
0	0	94.0	96.0	2
0	0	96.0	98.0	0
0	30	98.0	101.0	1
30	20	101.0	103.0	0
20	0	103.0	105.0	0
0	-30	105.0	107.0	2
-30	-20	107.0	108.0	1
-20	-20	108.0	111.0	1
-20	-40	111.0	112.0	0
-40	-20	112.0	114.0	0
-20	-10	114.0	116.0	2
-10	20	116.0	119.0	2
20	-10	119.0	121.0	1
-10	20	121.0	124.0	1
20	30	124.0	126.0	0
30	40	126.0	127.0	1
40	30	127.0	128.0	0
30	30	128.0	129.0	2
30	10	129.0	130.0	1
10	20	130.0	131.0	0
20	10	131.0	133.0	2
10	10	133.0	134.0	1
10	10	134.0	137.0	1
10	20	137.0	138.0	2
20	0	138.0	140.0	0
0	20	140.0	142.0	0
20	30	142.0	144.0	0
30	10	144.0	145.0	2
10	-10	145.0	148.0	1
-10	20	148.0	151.0	0
20	-10	151.0	154.0	0
-10	-10	154.0	155.0	0
-10	10	155.0	156.0	0
10	40	156.0	157.0	0
40	20	157.0	158.0	2
20	20	158.0	161.0	2
20	20	161.0	163.0	1
20	0	163.0	164.0	0
0	-10	164.0	166.0	1
-10	-20	166.0	169.0	2
-20	-20	169.0	170.0	1
-20	-10	170.0	171.0	2
-10	10	171.0	173.0	0
10	20	173.0	176.0	0
20	-10	176.0	177.0	2
-10	-40	177.0	179.0	0
-40	-20	179.0	182.0	0
-20	0	182.0	184.0	2
0	-30	184.0	186.0	2
-30	-10	186.0	188.0	1
-10	0	188.0	190.0	0
0	10	190.0	193.0	1
10	0	193.0	196.0	2
0	-20	196.0	199.0	1
-20	-10	199.0	200.0	0
-10	10	200.0	203.0	1
10	0	203.0	205.0	2
0	20	205.0	206.0	2
20	10	206.0	208.0	1
10	20	208.0	209.0	2
20	10	209.0	211.0	0
10	-10	211.0	214.0	2
-10	-40	214.0	215.0	1
-40	-40	215.0	216.0	2
-40	-40	216.0	219.0	1
-40	-20	219.0	220.0	0
-20	-40	220.0	221.0	0
-40	-40	221.0	222.0	1
-40	-30	222.0	223.0	1
-30	-20	223.0	225.0	1
-20	10	225.0	226.0	0
10	-20	226.0	228.0	1
-20	-40	228.0	230.0	0
-40	-30	230.0	231.0	2
-30	-10	231.0	233.0	2
-10	-40	233.0	235.0	0
-40	-20	235.0	237.0	2
-20	-40	237.0	239.0	1
-40	-20	239.0	242.0	0
-20	-30	242.0	244.0	1
-30	-30	244.0	245.0	1
-30	-40	245.0	247.0	0
-40	-10	247.0	250.0	1
-10	-40	250.0	253.0	2
-40	-10	253.0	254.0	2
-10	-40	254.0	256.0	0
-40	-10	256.0	259.0	1
-10	-20	259.0	260.0	0
-20	-40	260.0	262.0	1
-40	-10	262.0	263.0	1
-10	-10	263.0	264.0	2
-10	20	264.0	266.0	1
20	30	266.0	268.0	1
30	0	268.0	270.0	1
0	-20	270.0	271.0	0
-20	-40	271.0	273.0	1
-40	-40	273.0	276.0	0
-40	-10	276.0	277.0	2
-10	-10	277.0	279.0	1
-10	0	279.0	281.0	1
0	0	281.0	283.0	2
0	30	283.0	286.0	1
30	10	286.0	289.0	0
10	20	289.0	291.0	1
20	30	291.0	294.0	2
30	10	294.0	297.0	1
10	0	297.0	298.0	1
