0	0	0	2.0	0
0	10	2.0	4.0	2
10	-20	4.0	6.0	0
-20	-20	6.0	8.0	1
-20	-30	8.0	10.0	2
-30	-20	10.0	11.0	1
-20	-10	11.0	12.0	0
-10	-30	12.0	13.0	2
-30	-10	13.0	15.0	1
-10	-40	15.0	16.0	2
-40	-30	16.0	18.0	1
-30	-10	18.0	21.0	2
-10	-40	21.0	22.0	1
-40	-20	22.0	24.0	2
-20	0	24.0	26.0	1
0	-10	26.0	27.0	0
-10	-40	27.0	28.0	1
-40	-20	28.0	31.0	0
-20	0	31.0	32.0	1
0	10	32.0	35.0	0
10	0	35.0	38.0	0
0	-20	38.0	41.0	0
-20	0	41.0	44.0	2
0	0	44.0	45.0	2
0	10	45.0	47.0	1
10	0	47.0	50.0	1
0	-10	50.0	51.0	1
-10	-30	51.0	52.0	1
-30	-10	52.0	55.0	0
-10	10	55.0	56.0	2
10	-20	56.0	58.0	1
-20	10	58.0	61.0	2
10	-20	61.0	64.0	2
-20	10	64.0	66.0	1
10	20	66.0	69.0	1
20	10	69.0	70.0	1
10	40	70.0	72.0	1
40	40	72.0	73.0	2
40	20	73.0	76.0	0
20	0	76.0	78.0	0
0	10	78.0	80.0	2
10	-20	80.0	82.0	0
-20	-20	82.0	83.0	1
-20	10	83.0	85.0	1
10	40	85.0	87.0	2
40	20	87.0	88.0	2
20	40	88.0	89.0	0
40	20	89.0	92.0	0
20	0	92.0	93.0	1
0	0	93.0	94.0	2
0	20	94.0	95.0	2
20	-10	95.0	96.0	1
-10	-40	96.0	99.0	1
-40	-10	99.0	100.0	1
-10	10	100.0	101.0	0
10	10	101.0	102.0	0
10	40	102.0	105.0	2
40	10	105.0	106.0	1
10	40	106.0	108.0	0
40	20	108.0	110.0	1
20	40	110.0	113.0	2
40	10	113.0	116.0	0
10	40	116.0	117.0	0
40	40	117.0	119.0	2
40	40	119.0	122.0	2
40	40	122.0	123.0	2
40	30	123.0	125.0	2
30	0	125.0	127.0	0
0	10	127.0	129.0	2
10	-10	129.0	131.0	2
-10	-20	131.0	134.0	2
-20	-40	134.0	137.0	0
-40	-20	137.0	138.0	0
-20	-10	138.0	141.0	1
-10	20	141.0	144.0	1
20	10	144.0	146.0	2
10	-20	146.0	147.0	2
-20	-30	147.0	150.0	0
-30	-40	150.0	153.0	0
-40	-30	153.0	155.0	0
-30	0	155.0	157.0	1
0	-10	157.0	160.0	2
-10	-10	160.0	163.0	0
-10	-10	163.0	164.0	2
-10	10	164.0	165.0	1
10	20	165.0	167.0	2
20	10	167.0	169.0	1
10	10	169.0	172.0	0
10	-20	172.0	174.0	0
-20	-20	174.0	175.0	1
-20	-30	175.0	178.0	1
-30	-40	178.0	179.0	0
-40	-10	179.0	182.0	0
-10	-40	182.0	183.0	2
-40	-30	183.0	186.0	1
-30	-30	186.0	188.0	1
-30	-20	188.0	190.0	0
-20	-10	190.0	192.0	2
-10	-20	192.0	193.0	1
-20	-20	193.0	195.0	0
-20	0	195.0	196.0	0
0	20	196.0	198.0	0
20	10	198.0	200.0	0
10	20	200.0	202.0	1
20	30	202.0	205.0	2
30	40	205.0	208.0	0
40	20	208.0	209.0	2
20	0	209.0	210.0	1
0	-30	210.0	212.0	0
-30	0	212.0	214.0	2
0	20	214.0	215.0	0
20	-10	215.0	218.0	1
-10	-20	218.0	221.0	2
-20	10	221.0	223.0	1
10	40	223.0	225.0	2
40	30	225.0	226.0	0
30	20	226.0	227.0	1
20	40	227.0	229.0	0
40	20	229.0	230.0	2
20	0	230.0	232.0	2
0	20	232.0	235.0	2
20	40	235.0	236.0	2
40	10	236.0	238.0	2
10	20	238.0	241.0	0
20	20	241.0	243.0	2
20	20	243.0	245.0	1
20	30	245.0	248.0	0
30	0	248.0	250.0	0
0	0	250.0	252.0	2
0	30	252.0	254.0	0
30	0	254.0	255.0	0
0	-30	255.0	258.0	0
-30	-10	258.0	260.0	2
-10	20	260.0	261.0	0
20	0	261.0	262.0	1
0	-10	262.0	264.0	0
-10	-10	264.0	265.0	1
-10	-40	265.0	267.0	1
-40	-10	267.0	270.0	0
-10	-10	270.0	273.0	1
-10	10	273.0	274.0	1
10	-20	274.0	275.0	1
-20	-10	275.0	277.0	2
-10	-20	277.0	278.0	0
-20	-40	278.0	279.0	2
-40	-30	279.0	282.0	0
-30	-20	282.0	283.0	1
-20	-40	283.0	286.0	1
-40	-30	286.0	288.0	2
-30	-20	288.0	290.0	0
-20	-10	290.0	293.0	0
-10	10	293.0	294.0	2
10	20	294.0	295.0	2
20	30	295.0	296.0	1
30	30	296.0	297.0	2
