0	0	0	2.0	0
0	-30	2.0	5.0	0
-30	0	5.0	6.0	2
0	-10	6.0	7.0	2
-10	-40	7.0	9.0	1
-40	-10	9.0	12.0	1
-10	-30	12.0	15.0	0
-30	-30	15.0	16.0	0
-30	0	16.0	19.0	1
0	-20	19.0	21.0	0
-20	-10	21.0	23.0	2
-10	20	23.0	26.0	2
20	40	26.0	28.0	1
40	20	28.0	29.0	2
20	30	29.0	32.0	1
30	10	32.0	33.0	2
10	0	33.0	34.0	2
0	-30	34.0	36.0	0
-30	-30	36.0	39.0	1
-30	-40	39.0	41.0	2
-40	-10	41.0	43.0	1
-10	-10	43.0	46.0	2
-10	-40	46.0	48.0	2
-40	-20	48.0	49.0	1
-20	-10	49.0	50.0	0
-10	20	50.0	53.0	2
20	30	53.0	55.0	1
30	40	55.0	57.0	0
40	40	57.0	58.0	2
40	40	58.0	59.0	1
40	10	59.0	61.0	1
10	0	61.0	64.0	2
0	10	64.0	65.0	1
10	20	65.0	68.0	1
20	40	68.0	69.0	2
40	40	69.0	72.0	1
40	10	72.0	75.0	1
10	-10	75.0	78.0	2
-10	-20	78.0	79.0	2
-20	-30	79.0	80.0	0
-30	-40	80.0	81.0	0
-40	-40	81.0	83.0	1
-40	-30	83.0	86.0	0
-30	-40	86.0	87.0	0
-40	-20	87.0	89.0	1
-20	0	89.0	91.0	1
0	10	91.0	93.0	0
10	40	93.0	94.0	1
40	30	94.0	95.0	2
30	20	95.0	97.0	1
20	40	97.0	99.0	0
40	30	99.0	101.0	0
30	0	101.0	104.0	0
0	-20	104.0	107.0	2
-20	-40	107.0	108.0	2
-40	-30	108.0	111.0	0
-30	-40	111.0	113.0	0
-40	-20	113.0	116.0	1
-20	-40	116.0	118.0	1
-40	-40	118.0	121.0	0
-40	-20	121.0	122.0	2
-20	-10	122.0	125.0	2
-10	0	125.0	126.0	1
0	-20	126.0	128.0	2
-20	-40	128.0	130.0	0
-40	-30	130.0	132.0	1
-30	-10	132.0	134.0	0
-10	-10	134.0	136.0	2
-10	10	136.0	138.0	1
10	40	138.0	141.0	0
40	20	141.0	143.0	2
20	40	143.0	145.0	2
40	40	145.0	148.0	2
40	20	148.0	149.0	0
20	20	149.0	150.0	2
20	40	150.0	151.0	2
40	10	151.0	152.0	2
10	-10	152.0	154.0	1
-10	20	154.0	155.0	1
20	-10	155.0	158.0	0
-10	-30	158.0	159.0	0
-30	-40	159.0	161.0	2
-40	-20	161.0	163.0	1
-20	-40	163.0	164.0	1
-40	-20	164.0	167.0	2
-20	10	167.0	169.0	0
10	-20	169.0	172.0	1
-20	0	172.0	173.0	0
0	30	173.0	176.0	1
30	20	176.0	178.0	1
20	40	178.0	180.0	0
40	40	180.0	181.0	0
40	30	181.0	183.0	2
30	40	183.0	186.0	2
40	40	186.0	189.0	0
40	40	189.0	191.0	2
40	30	191.0	194.0	2
30	20	194.0	195.0	1
20	20	195.0	196.0	2
20	20	196.0	199.0	1
20	-10	199.0	200.0	0
-10	0	200.0	202.0	1
0	10	202.0	204.0	0
10	10	204.0	205.0	1
10	-10	205.0	206.0	2
-10	10	206.0	208.0	1
10	30	208.0	209.0	0
30	0	209.0	211.0	2
0	20	211.0	212.0	1
20	0	212.0	213.0	0
0	0	213.0	215.0	0
0	10	215.0	218.0	2
10	30	218.0	219.0	1
30	30	219.0	222.0	2
30	0	222.0	223.0	1
0	-20	223.0	224.0	1
-20	-10	224.0	225.0	1
-10	0	225.0	227.0	2
0	10	227.0	229.0	1
10	10	229.0	230.0	2
10	-10	230.0	231.0	2
-10	10	231.0	234.0	0
10	10	234.0	236.0	2
10	10	236.0	238.0	2
10	20	238.0	241.0	0
20	0	241.0	244.0	2
0	10	244.0	245.0	1
10	40	245.0	248.0	2
40	40	248.0	251.0	1
40	20	251.0	253.0	1
20	20	253.0	254.0	1
20	0	254.0	255.0	2
0	10	255.0	257.0	0
10	-10	257.0	260.0	0
-10	-20	260.0	261.0	2
-20	-30	261.0	264.0	0
-30	-40	264.0	266.0	1
-40	-20	266.0	268.0	1
-20	-40	268.0	269.0	0
-40	-10	269.0	272.0	2
-10	0	272.0	273.0	0
0	-20	273.0	274.0	1
-20	-20	274.0	277.0	1
-20	0	277.0	279.0	2
0	-10	279.0	280.0	2
-10	-30	280.0	281.0	2
-30	-40	281.0	283.0	2
-40	-20	283.0	284.0	0
-20	-10	284.0	287.0	1
-10	10	287.0	288.0	1
10	10	288.0	290.0	2
10	20	290.0	292.0	2
20	-10	292.0	295.0	1
-10	20	295.0	297.0	2
20	0	297.0	298.0	1
