0	0	0	2.0	0
0	-30	2.0	5.0	0
-30	-40	5.0	6.0	2
-40	-30	6.0	8.0	1
-30	0	8.0	10.0	2
0	-30	10.0	13.0	1
-30	0	13.0	16.0	1
0	-10	16.0	19.0	0
-10	-20	19.0	22.0	2
-20	-40	22.0	23.0	1
-40	-20	23.0	24.0	1
-20	-40	24.0	25.0	2
-40	-30	25.0	27.0	1
-30	-40	27.0	29.0	1
-40	-40	29.0	30.0	2
-40	-40	30.0	33.0	1
-40	-10	33.0	36.0	1
-10	-10	36.0	39.0	0
-10	-20	39.0	41.0	0
-20	-40	41.0	42.0	2
-40	-30	42.0	44.0	1
-30	0	44.0	46.0	2
0	-20	46.0	48.0	1
-20	-40	48.0	50.0	0
-40	-20	50.0	53.0	1
-20	-20	53.0	56.0	0
-20	-20	56.0	59.0	1
-20	-10	59.0	60.0	1
-10	0	60.0	62.0	0
0	20	62.0	64.0	2
20	0	64.0	65.0	0
0	30	65.0	66.0	0
30	20	66.0	69.0	2
20	40	69.0	70.0	1
40	40	70.0	73.0	1
40	20	73.0	75.0	2
20	-10	75.0	76.0	2
-10	0	76.0	77.0	2
0	-20	77.0	79.0	0
-20	-30	79.0	82.0	1
-30	-20	82.0	84.0	1
-20	-10	84.0	87.0	0
-10	10	87.0	89.0	0
10	40	89.0	92.0	0
40	20	92.0	94.0	0
20	20	94.0	96.0	1
20	30	96.0	99.0	1
30	20	99.0	102.0	1
20	40	102.0	104.0	1
40	30	104.0	105.0	0
30	10	105.0	107.0	2
10	40	107.0	108.0	2
40	30	108.0	109.0	2
30	30	109.0	112.0	2
30	10	112.0	114.0	0
10	-20	114.0	116.0	2
-20	-10	116.0	117.0	2
-10	10	117.0	118.0	1
10	-10	118.0	119.0	1
-10	20	119.0	121.0	1
20	10	121.0	123.0	2
10	40	123.0	126.0	2
40	20	126.0	128.0	2
20	0	128.0	131.0	2
0	-20	131.0	134.0	0
-20	-30	134.0	136.0	1
-30	-30	136.0	137.0	0
-30	-20	137.0	140.0	1
-20	0	140.0	141.0	2
0	20	141.0	142.0	2
20	40	142.0	145.0	2
40	40	145.0	146.0	1
40	30	146.0	148.0	2
30	10	148.0	150.0	2
10	40	150.0	152.0	2
40	30	152.0	155.0	1
30	20	155.0	158.0	2
20	30	158.0	161.0	2
30	20	161.0	163.0	0
20	20	163.0	164.0	0
20	30	164.0	165.0	2
30	40	165.0	167.0	0
40	20	167.0	170.0	0
20	30	170.0	171.0	2
30	10	171.0	174.0	2
10	30	174.0	176.0	0
30	40	176.0	179.0	2
40	40	179.0	182.0	1
40	20	182.0	185.0	0
20	30	185.0	186.0	1
30	10	186.0	188.0	2
10	10	188.0	189.0	0
10	-10	189.0	190.0	2
-10	20	190.0	191.0	1
20	20	191.0	192.0	0
20	0	192.0	193.0	2
0	10	193.0	194.0	1
10	30	194.0	196.0	2
30	20	196.0	197.0	2
20	-10	197.0	199.0	1
-10	-40	199.0	200.0	0
-40	-40	200.0	201.0	0
-40	-40	201.0	203.0	2
-40	-20	203.0	206.0	0
-20	-40	206.0	207.0	2
-40	-20	207.0	210.0	1
-20	-40	210.0	212.0	2
-40	-30	212.0	213.0	0
-30	-40	213.0	216.0	0
-40	-20	216.0	218.0	1
-20	0	218.0	219.0	2
0	20	219.0	220.0	1
20	40	220.0	222.0	1
40	10	222.0	224.0	2
10	40	224.0	225.0	1
40	30	225.0	227.0	0
30	0	227.0	230.0	2
0	0	230.0	232.0	2
0	30	232.0	233.0	0
30	0	233.0	234.0	2
0	20	234.0	235.0	1
20	30	235.0	238.0	0
30	20	238.0	239.0	2
20	30	239.0	242.0	1
30	20	242.0	243.0	0
20	10	243.0	244.0	0
10	20	244.0	245.0	1
20	10	245.0	247.0	2
10	20	247.0	249.0	0
20	20	249.0	250.0	0
20	20	250.0	253.0	0
20	40	253.0	254.0	2
40	40	254.0	257.0	1
40	10	257.0	260.0	1
10	30	260.0	261.0	0
30	20	261.0	263.0	0
20	30	263.0	266.0	0
30	20	266.0	268.0	1
20	-10	268.0	270.0	1
-10	20	270.0	273.0	1
20	40	273.0	274.0	0
40	20	274.0	275.0	2
20	0	275.0	277.0	0
0	-10	277.0	280.0	0
-10	0	280.0	281.0	2
0	10	281.0	284.0	1
10	40	284.0	287.0	2
40	10	287.0	290.0	1
10	10	290.0	291.0	2
10	-20	291.0	293.0	0
-20	-20	293.0	296.0	2
-20	-10	296.0	299.0	0
