0	0	0	2.0	0
0	0	2.0	4.0	0
0	30	4.0	7.0	1
30	0	7.0	8.0	2
0	30	8.0	10.0	0
30	20	10.0	13.0	0
20	40	13.0	16.0	1
40	30	16.0	18.0	1
30	30	18.0	19.0	2
30	0	19.0	20.0	2
0	-10	20.0	23.0	1
-10	-30	23.0	25.0	2
-30	0	25.0	26.0	0
0	-10	26.0	28.0	0
-10	-20	28.0	31.0	1
-20	0	31.0	34.0	2
0	-10	34.0	36.0	0
-10	20	36.0	39.0	1
20	40	39.0	40.0	2
40	40	40.0	42.0	0
40	40	42.0	43.0	1
40	30	43.0	45.0	2
30	10	45.0	47.0	1
10	-20	47.0	49.0	1
-20	-40	49.0	51.0	0
-40	-20	51.0	52.0	0
-20	0	52.0	55.0	0
0	10	55.0	57.0	1
10	0	57.0	58.0	2
0	-10	58.0	61.0	2
-10	0	61.0	63.0	1
0	-20	63.0	64.0	0
-20	10	64.0	67.0	1
10	20	67.0	69.0	0
20	40	69.0	72.0	1
40	10	72.0	73.0	0
10	40	73.0	75.0	1
40	20	75.0	77.0	1
20	40	77.0	78.0	2
40	20	78.0	81.0	2
20	-10	81.0	82.0	2
-10	20	82.0	84.0	1
20	0	84.0	87.0	1
0	-20	87.0	88.0	0
-20	-20	88.0	91.0	2
-20	0	91.0	92.0	2
0	-10	92.0	94.0	2
-10	0	94.0	95.0	0
0	20	95.0	97.0	2
20	30	97.0	98.0	1
30	20	98.0	101.0	2
20	0	101.0	102.0	2
0	10	102.0	105.0	2
10	-20	105.0	106.0	0
-20	-20	106.0	108.0	0
-20	-40	108.0	111.0	1
-40	-30	111.0	112.0	1
-30	-20	112.0	113.0	1
-20	-10	113.0	114.0	1
-10	0	114.0	116.0	1
0	-20	116.0	117.0	2
-20	10	117.0	118.0	2
10	-20	118.0	119.0	0
-20	0	119.0	120.0	1
0	-20	120.0	123.0	1
-20	-40	123.0	126.0	0
-40	-20	126.0	128.0	1
-20	10	128.0	130.0	2
10	40	130.0	131.0	1
40	10	131.0	133.0	1
10	10	133.0	134.0	0
10	30	134.0	135.0	2
30	20	135.0	138.0	2
20	10	138.0	141.0	1
10	30	141.0	142.0	0
30	0	142.0	145.0	0
0	30	145.0	148.0	1
30	40	148.0	151.0	0
40	40	151.0	154.0	1
40	30	154.0	157.0	1
30	0	157.0	159.0	1
0	-10	159.0	161.0	2
-10	0	161.0	162.0	2
0	10	162.0	164.0	0
10	10	164.0	165.0	2
10	-10	165.0	166.0	0
-10	-30	166.0	168.0	1
-30	-10	168.0	170.0	1
-10	0	170.0	172.0	2
0	30	172.0	173.0	1
30	10	173.0	174.0	1
10	40	174.0	176.0	0
40	20	176.0	177.0	2
20	40	177.0	178.0	0
40	10	178.0	180.0	0
10	10	180.0	181.0	0
10	40	181.0	183.0	0
40	20	183.0	186.0	2
20	-10	186.0	188.0	2
-10	-20	188.0	190.0	0
-20	0	190.0	192.0	1
0	10	192.0	195.0	2
10	30	195.0	196.0	0
30	0	196.0	197.0	0
0	10	197.0	200.0	1
10	10	200.0	202.0	1
10	10	202.0	203.0	1
10	10	203.0	206.0	1
10	30	206.0	208.0	2
30	40	208.0	209.0	1
40	30	209.0	212.0	0
30	30	212.0	214.0	1
30	20	214.0	217.0	0
20	20	217.0	219.0	0
20	10	219.0	221.0	0
10	-10	221.0	224.0	2
-10	-40	224.0	227.0	1
-40	-40	227.0	230.0	1
-40	-10	230.0	233.0	2
-10	20	233.0	235.0	0
20	-10	235.0	236.0	0
-10	10	236.0	237.0	2
10	40	237.0	240.0	1
40	20	240.0	241.0	2
20	40	241.0	242.0	1
40	10	242.0	244.0	2
10	20	244.0	246.0	0
20	20	246.0	249.0	0
20	20	249.0	250.0	1
20	0	250.0	251.0	1
0	10	251.0	253.0	1
10	-10	253.0	254.0	0
-10	-40	254.0	256.0	1
-40	-40	256.0	259.0	1
-40	-10	259.0	260.0	0
-10	-30	260.0	261.0	2
-30	-10	261.0	263.0	1
-10	10	263.0	266.0	0
10	-20	266.0	267.0	1
-20	-10	267.0	268.0	2
-10	-10	268.0	271.0	1
-10	20	271.0	274.0	0
20	30	274.0	275.0	1
30	20	275.0	276.0	1
20	-10	276.0	277.0	0
-10	-20	277.0	279.0	2
-20	-20	279.0	280.0	0
-20	0	280.0	282.0	1
0	-20	282.0	284.0	2
-20	-10	284.0	287.0	1
-10	20	287.0	290.0	1
20	40	290.0	291.0	0
40	40	291.0	292.0	0
40	30	292.0	295.0	1
30	0	295.0	298.0	0
