0	0	0	2.0	0
0	30	2.0	5.0	0
30	10	5.0	7.0	0
10	0	7.0	8.0	0
0	-20	8.0	10.0	1
-20	-10	10.0	11.0	0
-10	-30	11.0	13.0	1
-30	-40	13.0	14.0	0
-40	-20	14.0	16.0	2
-20	-10	16.0	19.0	0
-10	-10	19.0	20.0	2
-10	-20	20.0	23.0	0
-20	-40	23.0	26.0	2
-40	-30	26.0	29.0	0
-30	-20	29.0	32.0	1
-20	-20	32.0	33.0	0
-20	-30	33.0	36.0	0
-30	0	36.0	39.0	0
0	-10	39.0	40.0	1
-10	-40	40.0	43.0	2
-40	-20	43.0	44.0	2
-20	-30	44.0	46.0	2
-30	0	46.0	49.0	1
0	20	49.0	51.0	2
20	0	51.0	52.0	1
0	0	52.0	54.0	0
0	-10	54.0	56.0	0
-10	10	56.0	59.0	0
10	-20	59.0	61.0	0
-20	-30	61.0	63.0	1
-30	-40	63.0	66.0	2
-40	-30	66.0	69.0	0
-30	-20	69.0	70.0	2
-20	10	70.0	73.0	2
10	-10	73.0	74.0	0
-10	-10	74.0	75.0	2
-10	20	75.0	78.0	2
20	-10	78.0	79.0	0
-10	20	79.0	80.0	1
20	30	80.0	81.0	1
30	20	81.0	83.0	1
20	0	83.0	84.0	1
0	-30	84.0	87.0	2
-30	-20	87.0	90.0	0
-20	10	90.0	93.0	1
10	20	93.0	94.0	0
20	10	94.0	96.0	2
10	-10	96.0	98.0	2
-10	-20	98.0	99.0	2
-20	-20	99.0	100.0	1
-20	-10	100.0	103.0	1
-10	-20	103.0	104.0	1
-20	-40	104.0	107.0	1
-40	-10	107.0	110.0	2
-10	0	110.0	112.0	0
0	-10	112.0	114.0	0
-10	-10	114.0	115.0	1
-10	-40	115.0	118.0	2
-40	-20	118.0	121.0	1
-20	-30	121.0	122.0	0
-30	-30	122.0	124.0	2
-30	-30	124.0	125.0	2
-30	-20	125.0	128.0	0
-20	0	128.0	130.0	2
0	10	130.0	131.0	0
10	0	131.0	132.0	1
0	0	132.0	135.0	1
0	20	135.0	138.0	1
20	40	138.0	141.0	2
40	40	141.0	143.0	1
40	10	143.0	145.0	1
10	10	145.0	148.0	1
10	20	148.0	151.0	2
20	0	151.0	153.0	1
0	10	153.0	156.0	1
10	40	156.0	157.0	0
40	10	157.0	158.0	0
10	40	158.0	160.0	2
40	40	160.0	163.0	0
40	40	163.0	164.0	0
40	40	164.0	165.0	0
40	40	165.0	168.0	2
40	30	168.0	170.0	2
30	40	170.0	171.0	0
40	40	171.0	173.0	0
40	10	173.0	175.0	0
10	0	175.0	176.0	0
0	-30	176.0	179.0	0
-30	0	179.0	181.0	1
0	0	181.0	183.0	2
0	0	183.0	186.0	0
0	-20	186.0	188.0	1
-20	-30	188.0	189.0	1
-30	0	189.0	192.0	2
0	-20	192.0	194.0	0
-20	-20	194.0	195.0	2
-20	-20	195.0	196.0	0
-20	-30	196.0	198.0	0
-30	-40	198.0	201.0	1
-40	-20	201.0	202.0	1
-20	-10	202.0	204.0	2
-10	0	204.0	206.0	1
0	-30	206.0	209.0	1
-30	-30	209.0	212.0	2
-30	-20	212.0	215.0	0
-20	0	215.0	216.0	0
0	10	216.0	219.0	0
10	30	219.0	221.0	2
30	10	221.0	224.0	2
10	20	224.0	225.0	0
20	0	225.0	227.0	2
0	30	227.0	228.0	0
30	20	228.0	229.0	2
20	20	229.0	230.0	1
20	30	230.0	232.0	1
30	0	232.0	233.0	1
0	-20	233.0	236.0	1
-20	10	236.0	238.0	2
10	0	238.0	240.0	2
0	0	240.0	243.0	2
0	-20	243.0	244.0	1
-20	0	244.0	247.0	1
0	-20	247.0	250.0	2
-20	-40	250.0	252.0	1
-40	-10	252.0	255.0	0
-10	10	255.0	256.0	2
10	-10	256.0	258.0	2
-10	-40	258.0	259.0	0
-40	-40	259.0	261.0	0
-40	-30	261.0	264.0	2
-30	-10	264.0	265.0	0
-10	10	265.0	266.0	0
10	10	266.0	268.0	1
10	20	268.0	270.0	2
20	40	270.0	273.0	0
40	10	273.0	274.0	0
10	30	274.0	276.0	0
30	0	276.0	277.0	1
0	-30	277.0	278.0	0
-30	0	278.0	279.0	1
0	-10	279.0	281.0	1
-10	0	281.0	284.0	2
0	0	284.0	285.0	2
0	0	285.0	287.0	0
0	20	287.0	289.0	2
20	20	289.0	290.0	1
20	20	290.0	292.0	0
20	30	292.0	294.0	2
30	0	294.0	297.0	0
0	30	297.0	298.0	2
