0	0	0	2.0	0
0	30	2.0	5.0	2
30	30	5.0	8.0	2
30	20	8.0	11.0	2
20	30	11.0	13.0	2
30	40	13.0	16.0	0
40	40	16.0	19.0	0
40	10	19.0	22.0	1
10	10	22.0	25.0	1
10	20	25.0	26.0	0
20	20	26.0	28.0	1
20	10	28.0	31.0	2
10	40	31.0	33.0	1
40	30	33.0	36.0	1
30	20	36.0	39.0	1
20	20	39.0	41.0	1
20	-10	41.0	43.0	1
-10	-30	43.0	46.0	2
-30	-40	46.0	47.0	0
-40	-40	47.0	48.0	1
-40	-40	48.0	51.0	1
-40	-30	51.0	52.0	1
-30	-40	52.0	53.0	1
-40	-20	53.0	56.0	1
-20	10	56.0	59.0	0
10	30	59.0	60.0	2
30	0	60.0	61.0	0
0	-20	61.0	62.0	2
-20	-20	62.0	63.0	1
-20	10	63.0	65.0	1
10	30	65.0	66.0	2
30	0	66.0	68.0	1
0	-10	68.0	69.0	0
-10	0	69.0	71.0	1
0	-30	71.0	72.0	0
-30	-20	72.0	74.0	2
-20	-10	74.0	75.0	1
-10	-30	75.0	78.0	2
-30	0	78.0	79.0	1
0	10	79.0	80.0	1
10	0	80.0	82.0	2
0	30	82.0	84.0	0
30	0	84.0	87.0	0
0	-20	87.0	89.0	1
-20	0	89.0	91.0	2
0	-10	91.0	93.0	0
-10	-10	93.0	95.0	1
-10	-30	95.0	96.0	0
-30	-20	96.0	98.0	2
-20	10	98.0	99.0	1
10	10	99.0	100.0	2
10	-10	100.0	101.0	0
-10	20	101.0	102.0	0
20	0	102.0	105.0	0
0	-20	105.0	107.0	1
-20	-20	107.0	108.0	2
-20	0	108.0	109.0	1
0	20	109.0	110.0	2
20	30	110.0	111.0	2
30	20	111.0	112.0	2
20	30	112.0	115.0	1
30	0	115.0	117.0	0
0	0	117.0	119.0	2
0	20	119.0	121.0	2
20	30	121.0	122.0	0
30	0	122.0	124.0	0
0	-20	124.0	125.0	2
-20	10	125.0	126.0	0
10	0	126.0	128.0	2
0	-10	128.0	129.0	2
-10	-30	129.0	132.0	2
-30	-30	132.0	135.0	1
-30	-30	135.0	137.0	0
-30	-20	137.0	138.0	0
-20	-30	138.0	140.0	1
-30	-20	140.0	142.0	2
-20	-40	142.0	144.0	1
-40	-20	144.0	146.0	2
-20	-30	146.0	149.0	1
-30	-40	149.0	150.0	2
-40	-20	150.0	152.0	2
-20	-40	152.0	155.0	2
-40	-40	155.0	156.0	1
-40	-40	156.0	158.0	2
-40	-10	158.0	161.0	1
-10	-40	161.0	162.0	2
-40	-30	162.0	163.0	2
-30	-20	163.0	166.0	1
-20	-10	166.0	168.0	2
-10	-10	168.0	171.0	2
-10	-10	171.0	173.0	0
-10	-40	173.0	175.0	2
-40	-30	175.0	176.0	0
-30	0	176.0	177.0	0
0	-20	177.0	178.0	2
-20	0	178.0	179.0	0
0	-20	179.0	182.0	0
-20	10	182.0	185.0	0
10	0	185.0	186.0	0
0	20	186.0	189.0	1
20	10	189.0	191.0	0
10	10	191.0	194.0	0
10	20	194.0	196.0	0
20	10	196.0	197.0	1
10	40	197.0	198.0	1
40	10	198.0	199.0	0
10	-10	199.0	201.0	0
-10	20	201.0	202.0	0
20	20	202.0	203.0	0
20	30	203.0	204.0	1
30	30	204.0	207.0	1
30	40	207.0	209.0	1
40	30	209.0	212.0	0
30	30	212.0	215.0	1
30	10	215.0	218.0	2
10	10	218.0	219.0	0
10	-10	219.0	222.0	2
-10	-30	222.0	223.0	2
-30	0	223.0	225.0	2
0	-20	225.0	226.0	1
-20	-30	226.0	227.0	1
-30	-20	227.0	228.0	0
-20	-20	228.0	230.0	2
-20	0	230.0	233.0	1
0	10	233.0	234.0	2
10	-20	234.0	235.0	0
-20	10	235.0	236.0	1
10	-20	236.0	238.0	0
-20	0	238.0	240.0	0
0	-20	240.0	243.0	1
-20	10	243.0	246.0	1
10	40	246.0	247.0	0
40	20	247.0	248.0	2
20	40	248.0	249.0	2
40	10	249.0	252.0	0
10	10	252.0	253.0	0
10	30	253.0	256.0	2
30	20	256.0	259.0	2
20	40	259.0	262.0	1
40	30	262.0	264.0	1
30	0	264.0	267.0	1
0	-10	267.0	269.0	0
-10	-30	269.0	270.0	0
-30	-30	270.0	271.0	1
-30	-40	271.0	273.0	0
-40	-20	273.0	274.0	0
-20	10	274.0	275.0	2
10	10	275.0	276.0	2
10	10	276.0	278.0	2
10	10	278.0	281.0	0
10	40	281.0	284.0	0
40	40	284.0	287.0	1
40	10	287.0	290.0	1
10	30	290.0	292.0	2
30	0	292.0	295.0	1
0	-10	295.0	297.0	0
-10	-40	297.0	298.0	0
-40	-10	298.0	299.0	2
