0	0	0	2.0	0
0	30	2.0	5.0	0
30	30	5.0	6.0	0
30	20	6.0	7.0	2
20	10	7.0	10.0	1
10	10	10.0	13.0	1
10	10	13.0	16.0	2
10	-20	16.0	17.0	0
-20	-30	17.0	20.0	2
-30	0	20.0	21.0	0
0	-20	21.0	23.0	1
-20	-10	23.0	25.0	2
-10	-20	25.0	26.0	0
-20	0	26.0	29.0	0
0	30	29.0	31.0	1
30	20	31.0	33.0	0
20	10	33.0	35.0	2
10	40	35.0	38.0	2
40	30	38.0	39.0	0
30	30	39.0	41.0	1
30	0	41.0	44.0	1
0	20	44.0	46.0	1
20	-10	46.0	47.0	0
-10	0	47.0	50.0	1
0	-10	50.0	53.0	1
-10	20	53.0	54.0	0
20	0	54.0	55.0	1
0	30	55.0	57.0	0
30	20	57.0	59.0	1
20	-10	59.0	61.0	0
-10	0	61.0	63.0	1
0	20	63.0	65.0	2
20	40	65.0	68.0	2
40	30	68.0	70.0	0
30	30	70.0	73.0	0
30	0	73.0	76.0	0
0	-30	76.0	78.0	1
-30	-30	78.0	79.0	2
-30	-40	79.0	82.0	2
-40	-20	82.0	85.0	1
-20	-10	85.0	86.0	2
-10	0	86.0	89.0	1
0	10	89.0	90.0	2
10	20	90.0	91.0	2
20	-10	91.0	94.0	1
-10	-40	94.0	95.0	2
-40	-20	95.0	97.0	1
-20	-10	97.0	100.0	1
-10	-30	100.0	101.0	2
-30	-20	101.0	103.0	0
-20	0	103.0	105.0	2
0	20	105.0	107.0	0
20	40	107.0	108.0	2
40	20	108.0	109.0	0
20	-10	109.0	111.0	0
-10	20	111.0	113.0	1
20	20	113.0	115.0	1
20	30	115.0	116.0	0
30	40	116.0	119.0	0
40	30	119.0	120.0	0
30	30	120.0	121.0	0
30	30	121.0	123.0	2
30	30	123.0	124.0	1
30	20	124.0	126.0	0
20	40	126.0	129.0	1
40	30	129.0	131.0	0
30	0	131.0	133.0	0
0	20	133.0	136.0	2
20	10	136.0	138.0	2
10	-20	138.0	139.0	2
-20	10	139.0	141.0	1
10	10	141.0	143.0	0
10	40	143.0	145.0	1
40	10	145.0	147.0	1
10	-10	147.0	149.0	1
-10	-30	149.0	150.0	1
-30	-20	150.0	151.0	2
-20	-40	151.0	152.0	1
-40	-30	152.0	153.0	0
-30	-20	153.0	155.0	2
-20	-40	155.0	158.0	0
-40	-10	158.0	161.0	2
-10	-10	161.0	164.0	2
-10	-40	164.0	165.0	0
-40	-30	165.0	167.0	2
-30	-10	167.0	170.0	0
-10	-20	170.0	173.0	1
-20	0	173.0	175.0	2
0	0	175.0	176.0	1
0	30	176.0	179.0	2
30	30	179.0	182.0	2
30	30	182.0	185.0	2
30	30	185.0	188.0	1
30	0	188.0	189.0	2
0	-10	189.0	190.0	1
-10	-10	190.0	192.0	2
-10	10	192.0	195.0	0
10	30	195.0	196.0	0
30	20	196.0	198.0	2
20	30	198.0	201.0	0
30	0	201.0	203.0	2
0	0	203.0	206.0	0
0	10	206.0	209.0	1
10	-20	209.0	210.0	0
-20	-40	210.0	212.0	1
-40	-40	212.0	215.0	1
-40	-30	215.0	218.0	2
-30	-20	218.0	220.0	0
-20	-40	220.0	222.0	1
-40	-40	222.0	224.0	0
-40	-10	224.0	225.0	2
-10	-40	225.0	226.0	0
-40	-20	226.0	227.0	0
-20	10	227.0	229.0	1
10	-10	229.0	230.0	2
-10	10	230.0	232.0	0
10	10	232.0	234.0	2
10	-10	234.0	235.0	1
-10	10	235.0	238.0	0
10	0	238.0	239.0	0
0	10	239.0	240.0	1
10	-10	240.0	242.0	0
-10	-40	242.0	243.0	2
-40	-30	243.0	245.0	0
-30	-20	245.0	247.0	0
-20	0	247.0	249.0	2
0	-20	249.0	251.0	1
-20	-40	251.0	254.0	2
-40	-30	254.0	255.0	2
-30	-40	255.0	256.0	0
-40	-30	256.0	257.0	2
-30	0	257.0	258.0	2
0	-10	258.0	260.0	0
-10	20	260.0	263.0	2
20	0	263.0	266.0	1
0	10	266.0	268.0	1
10	0	268.0	270.0	1
0	30	270.0	272.0	0
30	20	272.0	273.0	0
20	30	273.0	276.0	0
30	10	276.0	279.0	1
10	40	279.0	281.0	1
40	40	281.0	282.0	0
40	40	282.0	284.0	2
40	30	284.0	287.0	1
30	20	287.0	288.0	2
20	10	288.0	290.0	1
10	0	290.0	293.0	0
0	-30	293.0	295.0	2
-30	0	295.0	297.0	2
0	-20	297.0	298.0	1
