0	0	0	2.0	0
0	0	2.0	4.0	2
0	-10	4.0	5.0	0
-10	-30	5.0	6.0	2
-30	-20	6.0	7.0	2
-20	-20	7.0	9.0	0
-20	-40	9.0	10.0	1
-40	-20	10.0	11.0	2
-20	0	11.0	13.0	1
0	10	13.0	16.0	2
10	-20	16.0	19.0	1
-20	-40	19.0	20.0	2
-40	-10	20.0	23.0	0
-10	10	23.0	24.0	0
10	40	24.0	25.0	0
40	40	25.0	26.0	1
40	10	26.0	29.0	0
10	10	29.0	32.0	1
10	-20	32.0	35.0	0
-20	-20	35.0	38.0	1
-20	10	38.0	41.0	2
10	40	41.0	44.0	2
40	30	44.0	46.0	2
30	0	46.0	48.0	2
0	0	48.0	51.0	2
0	30	51.0	52.0	2
30	30	52.0	54.0	2
30	20	54.0	56.0	0
20	30	56.0	58.0	2
30	40	58.0	60.0	0
40	40	60.0	63.0	0
40	10	63.0	65.0	0
10	0	65.0	68.0	2
0	-10	68.0	71.0	1
-10	-20	71.0	72.0	1
-20	-20	72.0	75.0	1
-20	-40	75.0	78.0	1
-40	-10	78.0	80.0	0
-10	-10	80.0	83.0	0
-10	20	83.0	84.0	1
20	40	84.0	87.0	2
40	40	87.0	89.0	2
40	30	89.0	92.0	1
30	20	92.0	95.0	0
20	40	95.0	96.0	2
40	20	96.0	99.0	2
20	-10	99.0	100.0	0
-10	-10	100.0	102.0	0
-10	10	102.0	103.0	0
10	-10	103.0	106.0	1
-10	-40	106.0	107.0	0
-40	-10	107.0	110.0	1
-10	0	110.0	111.0	0
0	10	111.0	112.0	1
10	20	112.0	113.0	1
20	-10	113.0	116.0	0
-10	20	116.0	119.0	2
20	10	119.0	122.0	1
10	-20	122.0	123.0	1
-20	-10	123.0	126.0	2
-10	-40	126.0	127.0	1
-40	-10	127.0	129.0	1
-10	-10	129.0	131.0	1
-10	0	131.0	134.0	1
0	-20	134.0	137.0	0
-20	0	137.0	139.0	2
0	30	139.0	140.0	0
30	10	140.0	141.0	2
10	20	141.0	143.0	2
20	0	143.0	145.0	0
0	20	145.0	148.0	0
20	-10	148.0	149.0	0
-10	-10	149.0	152.0	1
-10	-30	152.0	155.0	2
-30	-40	155.0	157.0	1
-40	-40	157.0	160.0	1
-40	-30	160.0	162.0	2
-30	0	162.0	163.0	1
0	20	163.0	166.0	0
20	30	166.0	169.0	2
30	40	169.0	171.0	0
40	10	171.0	174.0	1
10	-10	174.0	175.0	0
-10	-20	175.0	176.0	1
-20	-20	176.0	179.0	1
-20	10	179.0	182.0	0
10	20	182.0	183.0	0
20	10	183.0	186.0	1
10	40	186.0	189.0	1
40	30	189.0	192.0	0
30	10	192.0	195.0	2
10	20	195.0	198.0	0
20	20	198.0	200.0	0
20	20	200.0	202.0	0
20	40	202.0	203.0	2
40	30	203.0	204.0	1
30	10	204.0	207.0	0
10	0	207.0	208.0	2
0	-10	208.0	210.0	1
-10	-30	210.0	213.0	1
-30	0	213.0	215.0	2
0	-20	215.0	218.0	0
-20	0	218.0	220.0	2
0	-30	220.0	223.0	1
-30	-30	223.0	226.0	2
-30	0	226.0	228.0	0
0	-10	228.0	230.0	2
-10	-30	230.0	232.0	0
-30	-10	232.0	233.0	0
-10	20	233.0	236.0	2
20	40	236.0	237.0	1
40	30	237.0	240.0	0
30	30	240.0	242.0	0
30	30	242.0	244.0	2
30	20	244.0	247.0	1
20	20	247.0	250.0	2
20	20	250.0	251.0	1
20	40	251.0	252.0	2
40	40	252.0	253.0	2
40	20	253.0	256.0	1
20	20	256.0	257.0	0
20	0	257.0	258.0	2
0	20	258.0	261.0	2
20	0	261.0	262.0	0
0	-30	262.0	265.0	2
-30	-10	265.0	266.0	1
-10	20	266.0	267.0	0
20	40	267.0	270.0	0
40	10	270.0	273.0	0
10	20	273.0	274.0	1
20	-10	274.0	275.0	2
-10	0	275.0	276.0	1
0	0	276.0	277.0	2
0	-20	277.0	279.0	2
-20	10	279.0	282.0	2
10	-10	282.0	285.0	1
-10	20	285.0	286.0	0
20	30	286.0	287.0	2
30	20	287.0	289.0	2
20	-10	289.0	290.0	0
-10	-40	290.0	293.0	2
-40	-40	293.0	295.0	2
-40	-10	295.0	296.0	0
-10	-30	296.0	298.0	0
