0	0	0	2.0	0
0	30	2.0	5.0	2
30	40	5.0	7.0	0
40	40	7.0	8.0	0
40	10	8.0	9.0	1
10	-10	9.0	11.0	0
-10	-30	11.0	12.0	2
-30	-40	12.0	15.0	2
-40	-30	15.0	16.0	1
-30	-40	16.0	17.0	0
-40	-40	17.0	18.0	0
-40	-30	18.0	21.0	0
-30	-10	21.0	22.0	0
-10	0	22.0	24.0	1
0	30	24.0	26.0	1
30	0	26.0	29.0	2
0	10	29.0	32.0	1
10	-10	32.0	33.0	0
-10	-40	33.0	35.0	1
-40	-20	35.0	36.0	2
-20	-30	36.0	37.0	0
-30	-40	37.0	38.0	1
-40	-20	38.0	39.0	2
-20	10	39.0	42.0	1
10	30	42.0	43.0	2
30	20	43.0	46.0	0
20	-10	46.0	49.0	0
-10	20	49.0	52.0	0
20	20	52.0	55.0	2
20	30	55.0	58.0	1
30	20	58.0	59.0	2
20	0	59.0	61.0	0
0	-30	61.0	63.0	1
-30	-40	63.0	64.0	2
-40	-40	64.0	66.0	0
-40	-30	66.0	69.0	0
-30	-40	69.0	72.0	0
-40	-20	72.0	73.0	2
-20	10	73.0	76.0	1
10	10	76.0	79.0	0
10	-20	79.0	81.0	1
-20	-10	81.0	82.0	1
-10	20	82.0	84.0	1
20	-10	84.0	85.0	2
-10	20	85.0	88.0	1
20	-10	88.0	89.0	0
-10	-10	89.0	92.0	1
-10	-40	92.0	93.0	2
-40	-10	93.0	96.0	1
-10	0	96.0	99.0	1
0	20	99.0	101.0	0
20	-10	101.0	102.0	1
-10	-20	102.0	105.0	2
-20	-40	105.0	106.0	2
-40	-20	106.0	107.0	1
-20	0	107.0	109.0	1
0	0	109.0	111.0	2
0	-20	111.0	114.0	2
-20	-40	114.0	116.0	0
-40	-20	116.0	118.0	1
-20	-40	118.0	121.0	2
-40	-20	121.0	122.0	0
-20	-40	122.0	123.0	1
-40	-20	123.0	125.0	0
-20	-30	125.0	128.0	1
-30	0	128.0	130.0	2
0	20	130.0	132.0	2
20	-10	132.0	134.0	2
-10	-20	134.0	135.0	1
-20	-40	135.0	136.0	2
-40	-40	136.0	138.0	1
-40	-30	138.0	141.0	0
-30	0	141.0	144.0	2
0	20	144.0	147.0	1
20	30	147.0	150.0	0
30	30	150.0	152.0	1
30	30	152.0	154.0	0
30	0	154.0	155.0	0
0	-10	155.0	158.0	1
-10	10	158.0	160.0	0
10	10	160.0	163.0	0
10	-20	163.0	165.0	2
-20	0	165.0	166.0	2
0	10	166.0	167.0	2
10	-20	167.0	169.0	0
-20	-40	169.0	171.0	2
-40	-30	171.0	172.0	0
-30	-20	172.0	175.0	0
-20	-20	175.0	177.0	0
-20	-40	177.0	180.0	2
-40	-40	180.0	181.0	1
-40	-20	181.0	184.0	0
-20	-30	184.0	187.0	1
-30	-30	187.0	188.0	2
-30	-10	188.0	189.0	2
-10	-40	189.0	191.0	1
-40	-40	191.0	192.0	2
-40	-20	192.0	193.0	1
-20	-10	193.0	194.0	0
-10	-10	194.0	196.0	2
-10	10	196.0	199.0	0
10	20	199.0	201.0	0
20	0	201.0	204.0	0
0	-20	204.0	206.0	1
-20	-40	206.0	209.0	0
-40	-40	209.0	211.0	1
-40	-20	211.0	212.0	2
-20	-20	212.0	214.0	2
-20	0	214.0	215.0	2
0	0	215.0	218.0	0
0	20	218.0	220.0	2
20	0	220.0	221.0	0
0	20	221.0	224.0	2
20	20	224.0	225.0	2
20	40	225.0	228.0	2
40	20	228.0	230.0	1
20	20	230.0	231.0	1
20	40	231.0	233.0	0
40	30	233.0	236.0	0
30	0	236.0	237.0	0
0	30	237.0	240.0	0
30	0	240.0	243.0	2
0	-30	243.0	244.0	0
-30	-30	244.0	245.0	2
-30	-20	245.0	246.0	2
-20	-20	246.0	249.0	2
-20	-20	249.0	250.0	1
-20	-40	250.0	253.0	2
-40	-20	253.0	254.0	1
-20	10	254.0	255.0	2
10	10	255.0	257.0	2
10	40	257.0	258.0	2
40	20	258.0	259.0	0
20	10	259.0	260.0	1
10	40	260.0	263.0	1
40	10	263.0	265.0	0
10	10	265.0	268.0	1
10	-10	268.0	269.0	1
-10	-10	269.0	270.0	1
-10	0	270.0	271.0	0
0	-30	271.0	274.0	2
-30	-20	274.0	276.0	1
-20	-20	276.0	277.0	2
-20	-20	277.0	278.0	0
-20	-10	278.0	280.0	1
-10	0	280.0	281.0	0
0	-20	281.0	284.0	2
-20	10	284.0	287.0	0
10	-10	287.0	290.0	2
-10	10	290.0	292.0	0
10	30	292.0	294.0	1
30	0	294.0	296.0	0
0	-30	296.0	298.0	2
