0	0	0	2.0	0
0	-10	2.0	3.0	0
-10	20	3.0	5.0	1
20	-10	5.0	6.0	0
-10	10	6.0	9.0	1
10	10	9.0	10.0	1
10	30	10.0	12.0	1
30	20	12.0	14.0	0
20	20	14.0	15.0	0
20	10	15.0	17.0	1
10	-10	17.0	19.0	2
-10	0	19.0	20.0	1
0	30	20.0	22.0	1
30	30	22.0	23.0	0
30	10	23.0	26.0	1
10	0	26.0	28.0	0
0	10	28.0	30.0	1
10	10	30.0	33.0	2
10	0	33.0	35.0	2
0	30	35.0	37.0	1
30	30	37.0	40.0	1
30	30	40.0	42.0	0
30	30	42.0	43.0	1
30	20	43.0	45.0	0
20	30	45.0	47.0	1
30	20	47.0	48.0	1
20	10	48.0	49.0	0
10	0	49.0	51.0	0
0	-30	51.0	52.0	2
-30	-40	52.0	54.0	0
-40	-10	54.0	57.0	2
-10	20	57.0	60.0	1
20	20	60.0	61.0	1
20	30	61.0	62.0	0
30	0	62.0	64.0	1
0	-30	64.0	65.0	0
-30	-40	65.0	67.0	0
-40	-10	67.0	70.0	1
-10	10	70.0	72.0	1
10	30	72.0	75.0	2
30	0	75.0	78.0	0
0	-10	78.0	80.0	2
-10	10	80.0	81.0	0
10	0	81.0	82.0	0
0	30	82.0	83.0	2
30	20	83.0	84.0	2
20	0	84.0	85.0	0
0	10	85.0	87.0	0
10	-20	87.0	88.0	0
-20	-30	88.0	91.0	1
-30	-10	91.0	93.0	1
-10	10	93.0	96.0	0
10	30	96.0	99.0	0
30	20	99.0	100.0	2
20	30	100.0	103.0	1
30	30	103.0	106.0	2
30	0	106.0	108.0	2
0	0	108.0	109.0	1
0	30	109.0	110.0	0
30	0	110.0	111.0	0
0	0	111.0	112.0	2
0	-20	112.0	115.0	2
-20	0	115.0	117.0	0
0	-10	117.0	120.0	0
-10	0	120.0	122.0	2
0	-20	122.0	124.0	2
-20	10	124.0	127.0	0
10	0	127.0	128.0	2
0	20	128.0	129.0	0
20	0	129.0	131.0	2
0	-20	131.0	133.0	1
-20	-10	133.0	135.0	0
-10	0	135.0	137.0	1
0	-20	137.0	139.0	1
-20	-30	139.0	142.0	2
-30	-20	142.0	143.0	1
-20	-10	143.0	144.0	1
-10	-40	144.0	145.0	2
-40	-20	145.0	148.0	1
-20	-10	148.0	151.0	2
-10	0	151.0	153.0	1
0	0	153.0	154.0	2
0	10	154.0	156.0	1
10	40	156.0	158.0	0
40	40	158.0	161.0	2
40	40	161.0	163.0	0
40	10	163.0	165.0	1
10	10	165.0	167.0	0
10	30	167.0	168.0	1
30	30	168.0	169.0	0
30	20	169.0	171.0	0
20	30	171.0	172.0	0
30	40	172.0	173.0	2
40	40	173.0	176.0	0
40	30	176.0	178.0	2
30	20	178.0	181.0	1
20	0	181.0	183.0	0
0	30	183.0	186.0	0
30	10	186.0	188.0	2
10	0	188.0	190.0	2
0	-20	190.0	192.0	0
-20	-30	192.0	194.0	1
-30	-30	194.0	195.0	2
-30	-30	195.0	196.0	0
-30	0	196.0	199.0	2
0	-10	199.0	200.0	0
-10	-20	200.0	202.0	0
-20	-10	202.0	203.0	2
-10	-10	203.0	205.0	1
-10	0	205.0	207.0	1
0	0	207.0	210.0	2
0	10	210.0	213.0	1
10	0	213.0	216.0	0
0	20	216.0	218.0	2
20	-10	218.0	219.0	1
-10	-10	219.0	222.0	0
-10	20	222.0	224.0	2
20	-10	224.0	226.0	0
-10	-40	226.0	229.0	1
-40	-10	229.0	230.0	2
-10	-10	230.0	232.0	0
-10	-10	232.0	234.0	2
-10	0	234.0	235.0	2
0	30	235.0	238.0	1
30	20	238.0	239.0	0
20	0	239.0	242.0	2
0	-30	242.0	243.0	1
-30	-30	243.0	246.0	0
-30	-20	246.0	248.0	2
-20	10	248.0	250.0	2
10	0	250.0	251.0	1
0	10	251.0	252.0	0
10	40	252.0	255.0	2
40	40	255.0	256.0	1
40	20	256.0	258.0	0
20	30	258.0	259.0	2
30	20	259.0	262.0	2
20	20	262.0	263.0	2
20	40	263.0	264.0	0
40	40	264.0	265.0	1
40	30	265.0	267.0	0
30	40	267.0	269.0	1
40	30	269.0	272.0	0
30	0	272.0	274.0	2
0	30	274.0	276.0	0
30	30	276.0	279.0	0
30	10	279.0	280.0	2
10	-20	280.0	281.0	2
-20	10	281.0	284.0	2
10	30	284.0	285.0	1
30	30	285.0	288.0	2
30	40	288.0	291.0	0
40	30	291.0	293.0	2
30	30	293.0	294.0	0
30	30	294.0	296.0	0
30	30	296.0	298.0	0
