0	0	0	2.0	0
0	-10	2.0	5.0	1
-10	20	5.0	7.0	2
20	30	7.0	8.0	2
30	30	8.0	11.0	1
30	30	11.0	13.0	2
30	0	13.0	16.0	2
0	-20	16.0	18.0	0
-20	10	18.0	21.0	1
10	10	21.0	22.0	0
10	0	22.0	23.0	0
0	20	23.0	26.0	2
20	0	26.0	29.0	0
0	20	29.0	32.0	0
20	10	32.0	34.0	0
10	0	34.0	37.0	0
0	30	37.0	38.0	1
30	30	38.0	40.0	1
30	40	40.0	41.0	2
40	30	41.0	44.0	1
30	20	44.0	47.0	2
20	0	47.0	49.0	1
0	-20	49.0	52.0	1
-20	0	52.0	54.0	1
0	10	54.0	57.0	0
10	20	57.0	58.0	1
20	0	58.0	59.0	1
0	20	59.0	61.0	0
20	20	61.0	62.0	2
20	10	62.0	64.0	2
10	-10	64.0	66.0	0
-10	20	66.0	68.0	2
20	10	68.0	70.0	2
10	-20	70.0	73.0	1
-20	10	73.0	76.0	0
10	30	76.0	79.0	1
30	10	79.0	82.0	1
10	20	82.0	84.0	0
20	20	84.0	85.0	2
20	40	85.0	88.0	2
40	10	88.0	90.0	2
10	40	90.0	91.0	1
40	30	91.0	94.0	1
30	20	94.0	96.0	0
20	40	96.0	99.0	1
40	10	99.0	101.0	0
10	20	101.0	102.0	2
20	-10	102.0	103.0	0
-10	-40	103.0	104.0	2
-40	-40	104.0	107.0	0
-40	-10	107.0	108.0	2
-10	-10	108.0	110.0	1
-10	10	110.0	113.0	2
10	30	113.0	114.0	0
30	10	114.0	115.0	1
10	40	115.0	117.0	1
40	40	117.0	119.0	2
40	40	119.0	121.0	1
40	30	121.0	123.0	0
30	40	123.0	125.0	2
40	30	125.0	126.0	2
30	0	126.0	129.0	1
0	30	129.0	130.0	2
30	20	130.0	131.0	2
20	20	131.0	132.0	2
20	30	132.0	135.0	0
30	0	135.0	136.0	2
0	0	136.0	139.0	2
0	10	139.0	140.0	1
10	-20	140.0	141.0	2
-20	-20	141.0	144.0	2
-20	-40	144.0	147.0	1
-40	-40	147.0	149.0	2
-40	-20	149.0	150.0	1
-20	-40	150.0	152.0	2
-40	-30	152.0	155.0	0
-30	-40	155.0	157.0	2
-40	-20	157.0	160.0	2
-20	-30	160.0	162.0	2
-30	-30	162.0	163.0	0
-30	-40	163.0	164.0	0
-40	-30	164.0	165.0	1
-30	-40	165.0	167.0	2
-40	-30	167.0	170.0	2
-30	-30	170.0	171.0	1
-30	0	171.0	174.0	1
0	-10	174.0	177.0	1
-10	0	177.0	179.0	2
0	-20	179.0	181.0	0
-20	-40	181.0	182.0	2
-40	-20	182.0	183.0	0
-20	-40	183.0	185.0	2
-40	-40	185.0	187.0	0
-40	-30	187.0	189.0	0
-30	-20	189.0	192.0	1
-20	-10	192.0	193.0	2
-10	-10	193.0	195.0	2
-10	20	195.0	196.0	1
20	20	196.0	198.0	1
20	20	198.0	199.0	0
20	-10	199.0	202.0	0
-10	-20	202.0	205.0	0
-20	-10	205.0	206.0	2
-10	0	206.0	207.0	0
0	0	207.0	210.0	2
0	-30	210.0	213.0	0
-30	0	213.0	215.0	0
0	-20	215.0	216.0	0
-20	10	216.0	217.0	0
10	30	217.0	218.0	2
30	40	218.0	221.0	2
40	30	221.0	224.0	1
30	0	224.0	225.0	1
0	0	225.0	228.0	0
0	30	228.0	230.0	2
30	20	230.0	233.0	1
20	0	233.0	236.0	1
0	-20	236.0	238.0	0
-20	10	238.0	240.0	0
10	30	240.0	241.0	1
30	10	241.0	243.0	2
10	10	243.0	245.0	2
10	10	245.0	248.0	0
10	0	248.0	249.0	1
0	-10	249.0	251.0	0
-10	20	251.0	253.0	2
20	30	253.0	256.0	0
30	40	256.0	257.0	0
40	20	257.0	258.0	2
20	30	258.0	259.0	1
30	10	259.0	262.0	2
10	0	262.0	263.0	1
0	-30	263.0	265.0	2
-30	-20	265.0	267.0	2
-20	-30	267.0	270.0	2
-30	-20	270.0	272.0	2
-20	0	272.0	273.0	2
0	-30	273.0	276.0	0
-30	-30	276.0	277.0	2
-30	-10	277.0	280.0	0
-10	-40	280.0	283.0	2
-40	-40	283.0	285.0	0
-40	-20	285.0	288.0	2
-20	0	288.0	291.0	2
0	30	291.0	292.0	1
30	20	292.0	295.0	0
20	10	295.0	298.0	1
10	30	298.0	299.0	1
