0	0	0	2.0	0
0	20	2.0	3.0	1
20	-10	3.0	6.0	0
-10	-20	6.0	8.0	0
-20	-10	8.0	10.0	2
-10	10	10.0	13.0	2
10	0	13.0	15.0	1
0	20	15.0	18.0	2
20	10	18.0	21.0	0
10	20	21.0	22.0	1
20	20	22.0	25.0	2
20	30	25.0	26.0	1
30	0	26.0	29.0	1
0	-10	29.0	31.0	1
-10	10	31.0	33.0	1
10	-20	33.0	34.0	2
-20	-10	34.0	35.0	1
-10	-30	35.0	38.0	1
-30	-10	38.0	40.0	0
-10	10	40.0	41.0	0
10	-10	41.0	43.0	0
-10	-20	43.0	46.0	0
-20	-10	46.0	47.0	0
-10	-10	47.0	49.0	0
-10	-30	49.0	51.0	0
-30	-10	51.0	53.0	0
-10	-20	53.0	55.0	2
-20	0	55.0	57.0	2
0	-30	57.0	58.0	1
-30	0	58.0	59.0	1
0	-10	59.0	61.0	2
-10	-20	61.0	64.0	0
-20	10	64.0	65.0	0
10	40	65.0	67.0	1
40	20	67.0	70.0	0
20	30	70.0	72.0	1
30	20	72.0	75.0	0
20	30	75.0	76.0	2
30	20	76.0	78.0	1
20	10	78.0	79.0	1
10	-10	79.0	80.0	2
-10	10	80.0	81.0	2
10	-10	81.0	82.0	0
-10	20	82.0	85.0	0
20	30	85.0	87.0	2
30	40	87.0	90.0	0
40	40	90.0	92.0	1
40	40	92.0	94.0	0
40	10	94.0	97.0	0
10	0	97.0	100.0	1
0	-30	100.0	101.0	2
-30	0	101.0	104.0	2
0	-10	104.0	107.0	0
-10	0	107.0	109.0	0
0	-30	109.0	111.0	2
-30	-30	111.0	113.0	0
-30	-40	113.0	116.0	0
-40	-20	116.0	117.0	2
-20	10	117.0	119.0	1
10	-10	119.0	120.0	2
-10	-40	120.0	123.0	0
-40	-10	123.0	126.0	0
-10	-20	126.0	128.0	0
-20	-40	128.0	130.0	0
-40	-40	130.0	132.0	2
-40	-10	132.0	133.0	2
-10	-40	133.0	135.0	0
-40	-20	135.0	137.0	0
-20	-20	137.0	138.0	2
-20	-10	138.0	139.0	2
-10	20	139.0	140.0	2
20	40	140.0	142.0	2
40	30	142.0	145.0	1
30	30	145.0	146.0	0
30	0	146.0	148.0	0
0	10	148.0	151.0	0
10	20	151.0	153.0	0
20	0	153.0	156.0	0
0	10	156.0	159.0	2
10	40	159.0	161.0	0
40	10	161.0	164.0	1
10	-20	164.0	167.0	2
-20	-10	167.0	168.0	2
-10	-30	168.0	170.0	1
-30	-20	170.0	173.0	0
-20	-40	173.0	174.0	2
-40	-10	174.0	177.0	1
-10	-10	177.0	179.0	0
-10	10	179.0	182.0	1
10	-20	182.0	183.0	1
-20	-30	183.0	186.0	2
-30	-40	186.0	187.0	1
-40	-20	187.0	189.0	1
-20	10	189.0	191.0	0
10	40	191.0	193.0	2
40	40	193.0	195.0	0
40	20	195.0	197.0	2
20	-10	197.0	198.0	2
-10	-30	198.0	200.0	1
-30	-20	200.0	202.0	2
-20	-10	202.0	205.0	1
-10	-30	205.0	207.0	2
-30	-20	207.0	210.0	2
-20	-20	210.0	213.0	2
-20	10	213.0	215.0	2
10	-10	215.0	218.0	2
-10	-40	218.0	221.0	0
-40	-30	221.0	223.0	0
-30	-30	223.0	225.0	1
-30	-40	225.0	228.0	2
-40	-40	228.0	229.0	1
-40	-20	229.0	230.0	1
-20	0	230.0	231.0	0
0	20	231.0	232.0	0
20	-10	232.0	233.0	1
-10	-20	233.0	236.0	0
-20	0	236.0	238.0	1
0	20	238.0	239.0	1
20	40	239.0	242.0	1
40	40	242.0	245.0	0
40	20	245.0	246.0	0
20	-10	246.0	247.0	1
-10	10	247.0	248.0	0
10	20	248.0	249.0	0
20	40	249.0	251.0	2
40	30	251.0	253.0	1
30	20	253.0	254.0	0
20	10	254.0	255.0	2
10	30	255.0	257.0	1
30	30	257.0	258.0	2
30	30	258.0	261.0	2
30	40	261.0	264.0	1
40	40	264.0	265.0	1
40	10	265.0	268.0	2
10	-10	268.0	269.0	2
-10	-30	269.0	270.0	2
-30	-10	270.0	272.0	1
-10	20	272.0	273.0	0
20	20	273.0	275.0	1
20	20	275.0	276.0	2
20	20	276.0	278.0	1
20	10	278.0	280.0	2
10	0	280.0	283.0	0
0	-30	283.0	286.0	1
-30	0	286.0	287.0	1
0	-10	287.0	289.0	2
-10	0	289.0	291.0	1
0	-30	291.0	294.0	0
-30	-10	294.0	295.0	0
-10	10	295.0	297.0	1
10	0	297.0	299.0	0
