0	0	0	2.0	0
0	-30	2.0	3.0	1
-30	-10	3.0	5.0	0
-10	20	5.0	7.0	0
20	10	7.0	8.0	1
10	40	8.0	11.0	0
40	40	11.0	13.0	2
40	20	13.0	16.0	0
20	40	16.0	18.0	2
40	40	18.0	21.0	0
40	40	21.0	22.0	0
40	20	22.0	25.0	2
20	10	25.0	26.0	1
10	30	26.0	28.0	0
30	10	28.0	30.0	1
10	-10	30.0	32.0	0
-10	-10	32.0	34.0	0
-10	-20	34.0	37.0	2
-20	-30	37.0	40.0	1
-30	-30	40.0	42.0	1
-30	-40	42.0	44.0	0
-40	-10	44.0	47.0	0
-10	20	47.0	50.0	0
20	0	50.0	53.0	0
0	-30	53.0	54.0	0
-30	-10	54.0	55.0	0
-10	-40	55.0	56.0	0
-40	-30	56.0	57.0	0
-30	-10	57.0	59.0	0
-10	-10	59.0	62.0	2
-10	-40	62.0	64.0	1
-40	-30	64.0	66.0	0
-30	-30	66.0	69.0	2
-30	-10	69.0	71.0	0
-10	-20	71.0	74.0	0
-20	-10	74.0	75.0	2
-10	-10	75.0	78.0	0
-10	-30	78.0	81.0	2
-30	-20	81.0	83.0	1
-20	0	83.0	85.0	0
0	0	85.0	88.0	0
0	0	88.0	90.0	0
0	-30	90.0	93.0	2
-30	0	93.0	94.0	0
0	30	94.0	95.0	2
30	20	95.0	98.0	1
20	40	98.0	100.0	0
40	30	100.0	102.0	1
30	0	102.0	105.0	2
0	-30	105.0	108.0	1
-30	-30	108.0	110.0	0
-30	-40	110.0	111.0	1
-40	-40	111.0	112.0	2
-40	-40	112.0	113.0	2
-40	-30	113.0	116.0	2
-30	0	116.0	118.0	1
0	10	118.0	121.0	0
10	-10	121.0	123.0	0
-10	10	123.0	125.0	0
10	40	125.0	128.0	1
40	30	128.0	129.0	0
30	10	129.0	130.0	1
10	30	130.0	132.0	1
30	40	132.0	134.0	2
40	30	134.0	137.0	2
30	0	137.0	139.0	2
0	20	139.0	141.0	0
20	30	141.0	142.0	2
30	30	142.0	145.0	0
30	0	145.0	148.0	2
0	-20	148.0	151.0	0
-20	-30	151.0	154.0	0
-30	-20	154.0	157.0	1
-20	0	157.0	159.0	0
0	0	159.0	162.0	1
0	10	162.0	163.0	1
10	20	163.0	165.0	1
20	10	165.0	168.0	0
10	10	168.0	171.0	1
10	-20	171.0	174.0	0
-20	-20	174.0	176.0	1
-20	-40	176.0	179.0	2
-40	-30	179.0	180.0	2
-30	-10	180.0	181.0	0
-10	0	181.0	182.0	1
0	0	182.0	185.0	2
0	30	185.0	188.0	0
30	0	188.0	189.0	1
0	30	189.0	190.0	1
30	30	190.0	192.0	0
30	0	192.0	195.0	1
0	-10	195.0	197.0	2
-10	-40	197.0	198.0	1
-40	-10	198.0	201.0	2
-10	-10	201.0	202.0	1
-10	10	202.0	203.0	1
10	30	203.0	205.0	2
30	10	205.0	206.0	2
10	0	206.0	208.0	0
0	-20	208.0	210.0	0
-20	-20	210.0	211.0	2
-20	0	211.0	212.0	2
0	-20	212.0	213.0	0
-20	-20	213.0	215.0	0
-20	-30	215.0	218.0	1
-30	-20	218.0	221.0	1
-20	-20	221.0	224.0	0
-20	-30	224.0	227.0	0
-30	-40	227.0	229.0	0
-40	-30	229.0	231.0	2
-30	-20	231.0	233.0	2
-20	-10	233.0	236.0	2
-10	0	236.0	238.0	0
0	20	238.0	240.0	2
20	10	240.0	241.0	1
10	40	241.0	242.0	1
40	20	242.0	245.0	1
20	-10	245.0	246.0	0
-10	-10	246.0	248.0	0
-10	0	248.0	249.0	2
0	30	249.0	251.0	0
30	40	251.0	253.0	0
40	30	253.0	255.0	0
30	30	255.0	257.0	2
30	10	257.0	260.0	1
10	40	260.0	263.0	0
40	40	263.0	266.0	1
40	10	266.0	268.0	2
10	-20	268.0	270.0	0
-20	-10	270.0	273.0	1
-10	-10	273.0	274.0	1
-10	-10	274.0	276.0	0
-10	-40	276.0	279.0	2
-40	-30	279.0	280.0	1
-30	-40	280.0	282.0	0
-40	-10	282.0	285.0	1
-10	0	285.0	288.0	1
0	-30	288.0	289.0	0
-30	-20	289.0	290.0	0
-20	10	290.0	292.0	1
10	10	292.0	293.0	0
10	-10	293.0	294.0	2
-10	-10	294.0	295.0	1
-10	-20	295.0	297.0	1
-20	0	297.0	299.0	1
