0	0	0	2.0	0
0	30	2.0	3.0	0
30	30	3.0	6.0	1
30	40	6.0	7.0	2
40	20	7.0	9.0	0
20	20	9.0	10.0	0
20	0	10.0	13.0	0
0	0	13.0	15.0	0
0	20	15.0	17.0	0
20	0	17.0	19.0	1
0	10	19.0	20.0	1
10	30	20.0	21.0	0
30	10	21.0	24.0	1
10	40	24.0	26.0	1
40	30	26.0	27.0	0
30	30	27.0	28.0	2
30	20	28.0	29.0	2
20	-10	29.0	31.0	2
-10	20	31.0	34.0	2
20	0	34.0	35.0	0
0	-30	35.0	38.0	0
-30	-40	38.0	40.0	0
-40	-10	40.0	43.0	1
-10	-20	43.0	46.0	1
-20	-10	46.0	47.0	2
-10	0	47.0	49.0	0
0	-10	49.0	52.0	0
-10	-20	52.0	53.0	2
-20	-40	53.0	56.0	1
-40	-20	56.0	58.0	1
-20	-40	58.0	59.0	1
-40	-40	59.0	60.0	1
-40	-40	60.0	63.0	0
-40	-40	63.0	64.0	1
-40	-40	64.0	66.0	2
-40	-40	66.0	68.0	2
-40	-30	68.0	69.0	2
-30	0	69.0	72.0	2
0	0	72.0	73.0	0
0	10	73.0	76.0	2
10	0	76.0	79.0	1
0	-30	79.0	81.0	1
-30	0	81.0	84.0	2
0	20	84.0	87.0	0
20	40	87.0	88.0	2
40	40	88.0	89.0	1
40	40	89.0	91.0	1
40	20	91.0	92.0	1
20	30	92.0	95.0	2
30	0	95.0	98.0	0
0	-20	98.0	101.0	2
-20	0	101.0	104.0	0
0	-30	104.0	105.0	1
-30	-40	105.0	106.0	1
-40	-30	106.0	107.0	0
-30	-20	107.0	108.0	1
-20	0	108.0	110.0	2
0	-30	110.0	112.0	0
-30	0	112.0	113.0	2
0	20	113.0	114.0	1
20	30	114.0	115.0	2
30	30	115.0	117.0	0
30	40	117.0	119.0	2
40	10	119.0	122.0	0
10	30	122.0	123.0	2
30	10	123.0	126.0	1
10	20	126.0	129.0	2
20	20	129.0	130.0	0
20	0	130.0	132.0	0
0	-20	132.0	135.0	2
-20	-30	135.0	138.0	2
-30	-20	138.0	139.0	2
-20	-10	139.0	140.0	1
-10	-40	140.0	141.0	2
-40	-10	141.0	143.0	1
-10	-40	143.0	146.0	1
-40	-30	146.0	148.0	2
-30	-10	148.0	149.0	0
-10	-10	149.0	152.0	0
-10	10	152.0	153.0	0
10	-20	153.0	154.0	2
-20	-10	154.0	157.0	0
-10	-30	157.0	160.0	1
-30	-10	160.0	161.0	0
-10	-20	161.0	162.0	0
-20	10	162.0	163.0	0
10	40	163.0	164.0	1
40	40	164.0	167.0	1
40	20	167.0	168.0	1
20	20	168.0	171.0	0
20	30	171.0	174.0	0
30	20	174.0	175.0	2
20	40	175.0	177.0	1
40	40	177.0	180.0	0
40	10	180.0	182.0	0
10	-20	182.0	183.0	1
-20	0	183.0	184.0	0
0	-30	184.0	186.0	1
-30	0	186.0	187.0	0
0	10	187.0	188.0	0
10	20	188.0	190.0	1
20	30	190.0	192.0	1
30	0	192.0	194.0	2
0	-10	194.0	196.0	1
-10	-40	196.0	199.0	0
-40	-40	199.0	202.0	0
-40	-20	202.0	203.0	2
-20	-30	203.0	204.0	1
-30	-10	204.0	207.0	0
-10	-10	207.0	209.0	0
-10	-30	209.0	212.0	2
-30	-30	212.0	215.0	1
-30	-30	215.0	218.0	1
-30	-40	218.0	220.0	1
-40	-40	220.0	221.0	1
-40	-20	221.0	222.0	2
-20	-10	222.0	225.0	1
-10	0	225.0	228.0	2
0	10	228.0	230.0	1
10	-10	230.0	232.0	0
-10	20	232.0	235.0	2
20	-10	235.0	237.0	0
-10	-10	237.0	239.0	0
-10	-10	239.0	241.0	2
-10	10	241.0	243.0	2
10	0	243.0	245.0	1
0	0	245.0	247.0	0
0	0	247.0	249.0	2
0	30	249.0	251.0	0
30	0	251.0	254.0	2
0	-20	254.0	257.0	1
-20	0	257.0	259.0	2
0	-10	259.0	260.0	0
-10	-30	260.0	263.0	1
-30	0	263.0	264.0	2
0	30	264.0	267.0	2
30	0	267.0	268.0	2
0	20	268.0	270.0	1
20	0	270.0	272.0	1
0	0	272.0	274.0	1
0	10	274.0	276.0	0
10	-10	276.0	278.0	2
-10	-20	278.0	281.0	1
-20	-10	281.0	282.0	1
-10	-10	282.0	283.0	1
-10	10	283.0	284.0	2
10	-10	284.0	285.0	1
-10	20	285.0	286.0	2
20	20	286.0	288.0	0
20	30	288.0	291.0	2
30	40	291.0	293.0	2
40	30	293.0	295.0	0
30	30	295.0	298.0	0
