0	0	0	2.0	0
0	-30	2.0	4.0	0
-30	-40	4.0	7.0	2
-40	-40	7.0	9.0	0
-40	-20	9.0	11.0	0
-20	-20	11.0	13.0	1
-20	-20	13.0	14.0	2
-20	-40	14.0	15.0	0
-40	-20	15.0	16.0	2
-20	-40	16.0	18.0	2
-40	-20	18.0	19.0	2
-20	10	19.0	21.0	2
10	-10	21.0	22.0	1
-10	0	22.0	24.0	2
0	-20	24.0	27.0	1
-20	-10	27.0	28.0	2
-10	-40	28.0	31.0	0
-40	-40	31.0	33.0	1
-40	-30	33.0	34.0	2
-30	0	34.0	36.0	1
0	-20	36.0	38.0	2
-20	-40	38.0	40.0	2
-40	-20	40.0	42.0	1
-20	0	42.0	43.0	0
0	10	43.0	45.0	0
10	40	45.0	47.0	2
40	20	47.0	50.0	2
20	30	50.0	53.0	1
30	20	53.0	54.0	2
20	10	54.0	56.0	1
10	40	56.0	58.0	0
40	40	58.0	59.0	2
40	20	59.0	61.0	1
20	40	61.0	64.0	1
40	40	64.0	67.0	2
40	30	67.0	68.0	2
30	20	68.0	69.0	0
20	40	69.0	72.0	2
40	30	72.0	73.0	2
30	30	73.0	76.0	0
30	10	76.0	79.0	2
10	-10	79.0	82.0	0
-10	-20	82.0	85.0	2
-20	-30	85.0	87.0	2
-30	-10	87.0	88.0	1
-10	20	88.0	90.0	1
20	0	90.0	91.0	2
0	30	91.0	92.0	0
30	40	92.0	93.0	1
40	10	93.0	96.0	1
10	20	96.0	97.0	0
20	40	97.0	99.0	2
40	20	99.0	102.0	2
20	30	102.0	105.0	0
30	20	105.0	107.0	0
20	20	107.0	110.0	0
20	10	110.0	111.0	1
10	-10	111.0	113.0	2
-10	10	113.0	116.0	0
10	10	116.0	119.0	0
10	10	119.0	120.0	1
10	10	120.0	122.0	0
10	0	122.0	125.0	0
0	-20	125.0	128.0	2
-20	-40	128.0	131.0	1
-40	-10	131.0	133.0	0
-10	-20	133.0	135.0	1
-20	0	135.0	138.0	2
0	-30	138.0	139.0	2
-30	-40	139.0	141.0	0
-40	-30	141.0	142.0	0
-30	-10	142.0	143.0	1
-10	-20	143.0	144.0	1
-20	-10	144.0	147.0	2
-10	-40	147.0	149.0	0
-40	-40	149.0	152.0	1
-40	-20	152.0	154.0	1
-20	10	154.0	155.0	1
10	20	155.0	158.0	2
20	10	158.0	160.0	1
10	0	160.0	161.0	2
0	20	161.0	163.0	1
20	10	163.0	165.0	1
10	0	165.0	168.0	0
0	20	168.0	169.0	2
20	10	169.0	170.0	1
10	30	170.0	172.0	1
30	10	172.0	174.0	2
10	0	174.0	176.0	1
0	-30	176.0	179.0	2
-30	-20	179.0	182.0	1
-20	10	182.0	183.0	0
10	10	183.0	184.0	0
10	-20	184.0	187.0	0
-20	10	187.0	190.0	2
10	0	190.0	193.0	0
0	-10	193.0	195.0	0
-10	-10	195.0	196.0	2
-10	-20	196.0	198.0	1
-20	-30	198.0	200.0	0
-30	-10	200.0	201.0	1
-10	20	201.0	202.0	1
20	10	202.0	205.0	1
10	-20	205.0	208.0	2
-20	0	208.0	210.0	0
0	-10	210.0	212.0	0
-10	10	212.0	213.0	2
10	0	213.0	214.0	1
0	30	214.0	215.0	1
30	30	215.0	218.0	1
30	20	218.0	220.0	2
20	30	220.0	222.0	2
30	40	222.0	225.0	2
40	10	225.0	228.0	0
10	40	228.0	229.0	1
40	20	229.0	231.0	2
20	40	231.0	232.0	2
40	40	232.0	234.0	0
40	20	234.0	237.0	1
20	40	237.0	239.0	2
40	10	239.0	240.0	1
10	20	240.0	242.0	2
20	40	242.0	243.0	2
40	20	243.0	244.0	2
20	20	244.0	245.0	2
20	30	245.0	248.0	2
30	0	248.0	249.0	0
0	30	249.0	252.0	0
30	0	252.0	254.0	1
0	0	254.0	257.0	0
0	-30	257.0	259.0	2
-30	0	259.0	262.0	2
0	-30	262.0	264.0	1
-30	0	264.0	265.0	1
0	-20	265.0	268.0	1
-20	-20	268.0	270.0	2
-20	0	270.0	273.0	0
0	20	273.0	276.0	1
20	30	276.0	277.0	2
30	0	277.0	280.0	1
0	30	280.0	282.0	2
30	0	282.0	283.0	1
0	0	283.0	285.0	0
0	-30	285.0	287.0	1
-30	-30	287.0	289.0	2
-30	-40	289.0	292.0	2
-40	-10	292.0	294.0	0
-10	-40	294.0	295.0	0
-40	-30	295.0	296.0	2
-30	-10	296.0	297.0	2
-10	-10	297.0	299.0	2
