0	0	0	2.0	0
0	0	2.0	4.0	2
0	30	4.0	5.0	2
30	30	5.0	6.0	1
30	10	6.0	7.0	2
10	-20	7.0	8.0	0
-20	-20	8.0	9.0	2
-20	10	9.0	10.0	0
10	-10	10.0	12.0	1
-10	-40	12.0	14.0	2
-40	-30	14.0	16.0	0
-30	-20	16.0	17.0	1
-20	10	17.0	18.0	0
10	40	18.0	19.0	2
40	20	19.0	21.0	0
20	40	21.0	22.0	1
40	20	22.0	24.0	0
20	20	24.0	27.0	1
20	10	27.0	30.0	2
10	40	30.0	31.0	2
40	10	31.0	33.0	0
10	40	33.0	36.0	2
40	30	36.0	39.0	1
30	0	39.0	41.0	0
0	0	41.0	42.0	0
0	20	42.0	44.0	0
20	10	44.0	47.0	2
10	30	47.0	48.0	1
30	0	48.0	51.0	2
0	30	51.0	54.0	0
30	30	54.0	55.0	0
30	40	55.0	57.0	2
40	30	57.0	60.0	1
30	0	60.0	63.0	0
0	-30	63.0	66.0	2
-30	-40	66.0	67.0	0
-40	-30	67.0	70.0	1
-30	0	70.0	72.0	0
0	0	72.0	73.0	0
0	20	73.0	76.0	2
20	40	76.0	79.0	0
40	40	79.0	82.0	2
40	10	82.0	84.0	1
10	0	84.0	87.0	1
0	30	87.0	89.0	2
30	20	89.0	91.0	0
20	40	91.0	94.0	1
40	20	94.0	97.0	0
20	20	97.0	98.0	1
20	10	98.0	101.0	0
10	10	101.0	104.0	1
10	10	104.0	107.0	2
10	10	107.0	109.0	2
10	30	109.0	112.0	0
30	30	112.0	115.0	1
30	30	115.0	117.0	1
30	10	117.0	118.0	2
10	20	118.0	120.0	0
20	0	120.0	122.0	2
0	-20	122.0	124.0	0
-20	-40	124.0	125.0	0
-40	-10	125.0	128.0	1
-10	-40	128.0	131.0	2
-40	-20	131.0	134.0	0
-20	-10	134.0	135.0	2
-10	10	135.0	138.0	0
10	30	138.0	141.0	2
30	10	141.0	143.0	0
10	-20	143.0	145.0	2
-20	10	145.0	146.0	2
10	-20	146.0	149.0	0
-20	10	149.0	152.0	0
10	20	152.0	155.0	0
20	30	155.0	156.0	1
30	10	156.0	158.0	0
10	-20	158.0	161.0	1
-20	-10	161.0	163.0	1
-10	-30	163.0	166.0	0
-30	-20	166.0	168.0	1
-20	-30	168.0	169.0	1
-30	0	169.0	172.0	0
0	-30	172.0	173.0	0
-30	-20	173.0	175.0	1
-20	-20	175.0	177.0	2
-20	-20	177.0	178.0	1
-20	-10	178.0	180.0	0
-10	20	180.0	183.0	2
20	-10	183.0	184.0	1
-10	-10	184.0	187.0	2
-10	20	187.0	189.0	0
20	30	189.0	192.0	1
30	10	192.0	193.0	2
10	-10	193.0	194.0	2
-10	-40	194.0	196.0	0
-40	-10	196.0	197.0	2
-10	0	197.0	200.0	1
0	30	200.0	202.0	2
30	40	202.0	203.0	0
40	40	203.0	206.0	0
40	10	206.0	209.0	2
10	0	209.0	212.0	2
0	30	212.0	215.0	0
30	40	215.0	216.0	1
40	20	216.0	219.0	0
20	0	219.0	222.0	1
0	0	222.0	224.0	0
0	30	224.0	227.0	2
30	30	227.0	230.0	0
30	30	230.0	232.0	1
30	20	232.0	235.0	1
20	10	235.0	238.0	0
10	-20	238.0	241.0	1
-20	0	241.0	242.0	2
0	-20	242.0	245.0	2
-20	-20	245.0	248.0	1
-20	-20	248.0	251.0	1
-20	-10	251.0	254.0	2
-10	20	254.0	257.0	0
20	0	257.0	258.0	1
0	30	258.0	261.0	2
30	0	261.0	262.0	1
0	-10	262.0	265.0	1
-10	0	265.0	266.0	1
0	0	266.0	268.0	2
0	-10	268.0	271.0	1
-10	10	271.0	274.0	1
10	30	274.0	275.0	0
30	40	275.0	278.0	1
40	30	278.0	280.0	1
30	30	280.0	281.0	0
30	30	281.0	282.0	0
30	30	282.0	283.0	0
30	40	283.0	285.0	0
40	40	285.0	286.0	1
40	10	286.0	289.0	1
10	0	289.0	292.0	1
0	30	292.0	295.0	2
30	0	295.0	297.0	1
0	10	297.0	299.0	1
