0	0	0	2.0	0
0	20	2.0	4.0	2
20	-10	4.0	7.0	0
-10	10	7.0	10.0	2
10	-10	10.0	13.0	2
-10	-30	13.0	16.0	0
-30	-30	16.0	17.0	2
-30	-10	17.0	18.0	2
-10	10	18.0	20.0	2
10	40	20.0	23.0	2
40	40	23.0	25.0	1
40	20	25.0	26.0	1
20	0	26.0	29.0	1
0	0	29.0	32.0	0
0	-10	32.0	34.0	1
-10	-30	34.0	35.0	1
-30	-30	35.0	37.0	0
-30	-40	37.0	39.0	0
-40	-30	39.0	41.0	1
-30	-20	41.0	44.0	0
-20	0	44.0	45.0	2
0	20	45.0	48.0	1
20	-10	48.0	51.0	1
-10	0	51.0	54.0	0
0	10	54.0	57.0	2
10	-10	57.0	59.0	0
-10	0	59.0	61.0	1
0	-10	61.0	62.0	1
-10	0	62.0	63.0	1
0	20	63.0	66.0	1
20	0	66.0	69.0	2
0	0	69.0	71.0	0
0	0	71.0	72.0	1
0	30	72.0	74.0	2
30	30	74.0	77.0	0
30	30	77.0	80.0	1
30	10	80.0	83.0	1
10	30	83.0	85.0	0
30	0	85.0	87.0	0
0	-20	87.0	89.0	1
-20	10	89.0	92.0	2
10	30	92.0	94.0	0
30	0	94.0	96.0	1
0	-30	96.0	99.0	2
-30	0	99.0	100.0	0
0	-30	100.0	101.0	1
-30	-40	101.0	104.0	2
-40	-20	104.0	106.0	2
-20	-30	106.0	108.0	1
-30	0	108.0	111.0	2
0	0	111.0	112.0	2
0	-20	112.0	114.0	0
-20	0	114.0	117.0	2
0	-10	117.0	118.0	2
-10	-40	118.0	119.0	1
-40	-40	119.0	121.0	2
-40	-10	121.0	123.0	0
-10	0	123.0	126.0	1
0	20	126.0	127.0	1
20	10	127.0	129.0	0
10	-20	129.0	131.0	1
-20	0	131.0	134.0	0
0	0	134.0	137.0	0
0	-20	137.0	138.0	2
-20	-20	138.0	139.0	1
-20	10	139.0	140.0	2
10	10	140.0	142.0	2
10	30	142.0	144.0	2
30	0	144.0	145.0	2
0	20	145.0	146.0	0
20	10	146.0	147.0	1
10	30	147.0	149.0	2
30	40	149.0	152.0	0
40	20	152.0	154.0	2
20	0	154.0	156.0	1
0	20	156.0	159.0	2
20	0	159.0	162.0	1
0	30	162.0	164.0	2
30	10	164.0	166.0	0
10	20	166.0	168.0	1
20	30	168.0	170.0	0
30	20	170.0	171.0	1
20	40	171.0	172.0	1
40	40	172.0	173.0	1
40	40	173.0	174.0	1
40	20	174.0	175.0	0
20	-10	175.0	176.0	1
-10	20	176.0	179.0	0
20	0	179.0	180.0	0
0	10	180.0	181.0	2
10	30	181.0	182.0	2
30	10	182.0	183.0	2
10	20	183.0	186.0	0
20	40	186.0	187.0	1
40	30	187.0	189.0	1
30	30	189.0	191.0	2
30	10	191.0	192.0	2
10	-20	192.0	195.0	1
-20	-30	195.0	197.0	1
-30	-20	197.0	199.0	0
-20	-20	199.0	200.0	0
-20	-40	200.0	203.0	2
-40	-10	203.0	204.0	1
-10	20	204.0	206.0	2
20	0	206.0	207.0	1
0	-20	207.0	208.0	1
-20	-40	208.0	209.0	0
-40	-40	209.0	210.0	1
-40	-10	210.0	213.0	2
-10	0	213.0	216.0	0
0	10	216.0	217.0	1
10	-20	217.0	220.0	1
-20	0	220.0	223.0	1
0	0	223.0	226.0	2
0	-30	226.0	227.0	0
-30	-20	227.0	230.0	1
-20	10	230.0	232.0	0
10	40	232.0	235.0	1
40	30	235.0	237.0	0
30	30	237.0	238.0	0
30	20	238.0	239.0	0
20	40	239.0	240.0	1
40	30	240.0	241.0	0
30	30	241.0	242.0	2
30	20	242.0	243.0	1
20	0	243.0	246.0	0
0	30	246.0	247.0	0
30	20	247.0	248.0	0
20	0	248.0	251.0	2
0	10	251.0	252.0	2
10	10	252.0	255.0	1
10	-20	255.0	258.0	2
-20	-40	258.0	260.0	2
-40	-10	260.0	262.0	0
-10	-30	262.0	263.0	1
-30	-30	263.0	265.0	2
-30	0	265.0	267.0	2
0	-10	267.0	268.0	0
-10	-10	268.0	270.0	0
-10	-10	270.0	272.0	2
-10	-30	272.0	274.0	0
-30	-10	274.0	275.0	2
-10	-20	275.0	276.0	2
-20	-20	276.0	279.0	1
-20	0	279.0	282.0	0
0	10	282.0	283.0	0
10	-10	283.0	286.0	2
-10	20	286.0	288.0	0
20	30	288.0	289.0	2
30	20	289.0	291.0	1
20	30	291.0	293.0	1
30	0	293.0	296.0	0
0	-30	296.0	299.0	1
