0	0	0	2.0	0
0	0	2.0	4.0	1
0	0	4.0	6.0	2
0	30	6.0	7.0	1
30	40	7.0	10.0	1
40	10	10.0	13.0	1
10	20	13.0	16.0	1
20	0	16.0	17.0	2
0	-30	17.0	19.0	2
-30	-30	19.0	22.0	1
-30	-10	22.0	25.0	1
-10	-20	25.0	28.0	2
-20	-10	28.0	30.0	2
-10	0	30.0	32.0	1
0	-30	32.0	33.0	2
-30	-40	33.0	35.0	0
-40	-40	35.0	37.0	1
-40	-40	37.0	38.0	2
-40	-20	38.0	40.0	1
-20	-30	40.0	41.0	2
-30	-10	41.0	44.0	0
-10	0	44.0	47.0	1
0	-10	47.0	50.0	2
-10	-30	50.0	52.0	2
-30	-40	52.0	53.0	2
-40	-10	53.0	55.0	0
-10	-40	55.0	56.0	1
-40	-40	56.0	57.0	1
-40	-10	57.0	60.0	1
-10	20	60.0	61.0	2
20	10	61.0	62.0	1
10	20	62.0	63.0	1
20	30	63.0	65.0	2
30	40	65.0	66.0	1
40	30	66.0	69.0	0
30	10	69.0	72.0	2
10	40	72.0	74.0	0
40	40	74.0	77.0	0
40	30	77.0	80.0	1
30	30	80.0	83.0	1
30	0	83.0	85.0	2
0	30	85.0	87.0	2
30	30	87.0	89.0	0
30	40	89.0	92.0	1
40	40	92.0	95.0	0
40	10	95.0	98.0	0
10	20	98.0	100.0	1
20	30	100.0	102.0	1
30	10	102.0	105.0	0
10	20	105.0	108.0	0
20	30	108.0	111.0	1
30	0	111.0	113.0	2
0	-20	113.0	115.0	2
-20	-10	115.0	117.0	1
-10	-10	117.0	120.0	2
-10	-20	120.0	121.0	2
-20	0	121.0	123.0	0
0	-20	123.0	125.0	0
-20	-30	125.0	128.0	1
-30	-40	128.0	131.0	0
-40	-10	131.0	133.0	1
-10	-20	133.0	134.0	2
-20	0	134.0	135.0	1
0	0	135.0	138.0	2
0	-10	138.0	141.0	2
-10	-30	141.0	142.0	0
-30	-40	142.0	144.0	0
-40	-20	144.0	146.0	1
-20	-10	146.0	147.0	1
-10	-30	147.0	149.0	1
-30	-30	149.0	151.0	0
-30	-40	151.0	154.0	2
-40	-30	154.0	156.0	0
-30	-20	156.0	157.0	2
-20	-40	157.0	160.0	1
-40	-30	160.0	161.0	2
-30	-30	161.0	163.0	0
-30	-20	163.0	166.0	1
-20	-10	166.0	167.0	1
-10	-10	167.0	168.0	1
-10	-10	168.0	170.0	1
-10	-30	170.0	172.0	2
-30	-40	172.0	175.0	1
-40	-40	175.0	176.0	2
-40	-30	176.0	178.0	0
-30	-30	178.0	181.0	0
-30	0	181.0	183.0	2
0	-20	183.0	185.0	0
-20	-20	185.0	187.0	0
-20	-10	187.0	189.0	2
-10	-30	189.0	190.0	0
-30	-10	190.0	192.0	2
-10	20	192.0	194.0	2
20	30	194.0	196.0	2
30	30	196.0	199.0	1
30	0	199.0	202.0	2
0	10	202.0	203.0	2
10	30	203.0	206.0	2
30	10	206.0	208.0	0
10	-20	208.0	209.0	1
-20	-40	209.0	210.0	0
-40	-30	210.0	211.0	2
-30	-40	211.0	214.0	0
-40	-20	214.0	216.0	1
-20	10	216.0	218.0	2
10	0	218.0	220.0	0
0	10	220.0	223.0	2
10	10	223.0	226.0	1
10	20	226.0	227.0	1
20	10	227.0	228.0	0
10	0	228.0	231.0	2
0	0	231.0	234.0	2
0	20	234.0	236.0	1
20	40	236.0	239.0	2
40	40	239.0	242.0	0
40	20	242.0	245.0	2
20	30	245.0	246.0	2
30	20	246.0	247.0	2
20	10	247.0	250.0	2
10	40	250.0	252.0	2
40	10	252.0	255.0	0
10	30	255.0	257.0	0
30	0	257.0	259.0	2
0	10	259.0	262.0	1
10	10	262.0	265.0	1
10	-10	265.0	267.0	1
-10	20	267.0	270.0	1
20	30	270.0	272.0	2
30	0	272.0	273.0	1
0	10	273.0	275.0	1
10	-20	275.0	278.0	2
-20	-30	278.0	279.0	1
-30	0	279.0	281.0	2
0	-30	281.0	283.0	1
-30	0	283.0	286.0	2
0	-20	286.0	288.0	1
-20	-30	288.0	291.0	1
-30	-40	291.0	292.0	2
-40	-30	292.0	294.0	1
-30	-40	294.0	295.0	2
-40	-30	295.0	298.0	1
-30	-10	298.0	299.0	0
