0	0	0	2.0	0
0	-10	2.0	3.0	2
-10	-40	3.0	4.0	0
-40	-30	4.0	6.0	0
-30	-20	6.0	7.0	2
-20	-20	7.0	9.0	1
-20	-30	9.0	11.0	0
-30	0	11.0	12.0	2
0	-30	12.0	14.0	1
-30	-20	14.0	16.0	0
-20	10	16.0	18.0	2
10	20	18.0	20.0	0
20	30	20.0	21.0	1
30	10	21.0	23.0	1
10	20	23.0	25.0	1
20	20	25.0	28.0	2
20	20	28.0	31.0	0
20	20	31.0	33.0	0
20	10	33.0	36.0	0
10	10	36.0	39.0	1
10	-10	39.0	42.0	2
-10	-10	42.0	44.0	0
-10	10	44.0	45.0	0
10	30	45.0	46.0	1
30	10	46.0	47.0	0
10	30	47.0	50.0	2
30	0	50.0	51.0	1
0	30	51.0	54.0	0
30	20	54.0	56.0	1
20	30	56.0	58.0	1
30	0	58.0	59.0	0
0	20	59.0	61.0	0
20	-10	61.0	64.0	1
-10	10	64.0	67.0	0
10	20	67.0	70.0	2
20	0	70.0	73.0	1
0	0	73.0	76.0	2
0	20	76.0	78.0	0
20	40	78.0	80.0	2
40	30	80.0	83.0	2
30	10	83.0	84.0	0
10	-20	84.0	87.0	2
-20	-20	87.0	89.0	1
-20	-10	89.0	91.0	0
-10	-40	91.0	94.0	0
-40	-10	94.0	96.0	0
-10	20	96.0	97.0	1
20	0	97.0	99.0	1
0	10	99.0	102.0	1
10	-20	102.0	105.0	2
-20	-30	105.0	107.0	2
-30	-20	107.0	108.0	2
-20	10	108.0	109.0	2
10	-10	109.0	112.0	0
-10	20	112.0	113.0	1
20	30	113.0	114.0	1
30	40	114.0	117.0	2
40	20	117.0	119.0	1
20	0	119.0	122.0	2
0	0	122.0	125.0	0
0	10	125.0	128.0	1
10	30	128.0	130.0	1
30	30	130.0	131.0	0
30	20	131.0	134.0	2
20	0	134.0	135.0	1
0	-30	135.0	138.0	0
-30	0	138.0	140.0	2
0	10	140.0	141.0	2
10	20	141.0	144.0	0
20	20	144.0	147.0	0
20	0	147.0	148.0	2
0	-10	148.0	149.0	1
-10	-20	149.0	151.0	1
-20	-20	151.0	154.0	2
-20	-30	154.0	157.0	0
-30	-30	157.0	159.0	1
-30	-30	159.0	162.0	1
-30	-20	162.0	163.0	0
-20	-30	163.0	164.0	1
-30	-40	164.0	166.0	0
-40	-10	166.0	169.0	1
-10	-10	169.0	171.0	1
-10	10	171.0	174.0	1
10	-20	174.0	177.0	1
-20	-30	177.0	180.0	2
-30	-40	180.0	181.0	0
-40	-20	181.0	183.0	0
-20	10	183.0	186.0	0
10	20	186.0	188.0	0
20	-10	188.0	191.0	0
-10	10	191.0	194.0	2
10	0	194.0	197.0	1
0	0	197.0	200.0	1
0	0	200.0	203.0	0
0	30	203.0	204.0	2
30	40	204.0	206.0	1
40	30	206.0	209.0	2
30	30	209.0	210.0	1
30	10	210.0	212.0	0
10	-10	212.0	215.0	1
-10	-30	215.0	216.0	2
-30	-40	216.0	218.0	2
-40	-40	218.0	219.0	0
-40	-10	219.0	220.0	1
-10	10	220.0	222.0	1
10	30	222.0	225.0	1
30	30	225.0	228.0	1
30	20	228.0	229.0	2
20	-10	229.0	232.0	0
-10	-10	232.0	234.0	2
-10	-40	234.0	237.0	2
-40	-10	237.0	239.0	2
-10	-20	239.0	240.0	2
-20	-40	240.0	243.0	2
-40	-40	243.0	245.0	1
-40	-30	245.0	248.0	1
-30	-40	248.0	249.0	2
-40	-10	249.0	252.0	2
-10	0	252.0	253.0	1
0	-30	253.0	255.0	2
-30	-40	255.0	256.0	1
-40	-10	256.0	259.0	2
-10	0	259.0	262.0	2
0	20	262.0	264.0	0
20	0	264.0	267.0	0
0	-20	267.0	269.0	2
-20	10	269.0	270.0	1
10	40	270.0	271.0	0
40	20	271.0	273.0	2
20	-10	273.0	274.0	1
-10	10	274.0	277.0	2
10	20	277.0	279.0	2
20	20	279.0	280.0	1
20	30	280.0	282.0	0
30	40	282.0	285.0	2
40	40	285.0	286.0	1
40	40	286.0	289.0	0
40	10	289.0	290.0	2
10	10	290.0	292.0	0
10	20	292.0	294.0	0
20	40	294.0	295.0	0
40	30	295.0	297.0	1
30	0	297.0	298.0	0
0	20	298.0	299.0	2
