0	0	0	2.0	0
0	0	2.0	4.0	2
0	-30	4.0	5.0	1
-30	-30	5.0	7.0	0
-30	-20	7.0	9.0	1
-20	-30	9.0	12.0	2
-30	0	12.0	14.0	2
0	-10	14.0	17.0	1
-10	0	17.0	20.0	0
0	-20	20.0	22.0	0
-20	-20	22.0	24.0	0
-20	-20	24.0	25.0	0
-20	-40	25.0	28.0	2
-40	-20	28.0	31.0	2
-20	10	31.0	34.0	0
10	40	34.0	36.0	0
40	20	36.0	38.0	2
20	0	38.0	39.0	0
0	-10	39.0	42.0	2
-10	-20	42.0	44.0	1
-20	-20	44.0	46.0	2
-20	-40	46.0	47.0	2
-40	-30	47.0	48.0	0
-30	0	48.0	50.0	1
0	-20	50.0	52.0	0
-20	-40	52.0	55.0	1
-40	-10	55.0	58.0	1
-10	-40	58.0	59.0	2
-40	-40	59.0	62.0	1
-40	-30	62.0	63.0	2
-30	-40	63.0	65.0	0
-40	-20	65.0	66.0	1
-20	-10	66.0	68.0	2
-10	20	68.0	70.0	0
20	30	70.0	72.0	2
30	30	72.0	73.0	0
30	10	73.0	74.0	0
10	40	74.0	75.0	0
40	10	75.0	78.0	2
10	10	78.0	80.0	1
10	10	80.0	82.0	2
10	40	82.0	84.0	1
40	20	84.0	87.0	0
20	30	87.0	89.0	0
30	40	89.0	90.0	0
40	20	90.0	92.0	2
20	40	92.0	93.0	2
40	20	93.0	96.0	0
20	20	96.0	98.0	0
20	-10	98.0	100.0	0
-10	-20	100.0	103.0	1
-20	-30	103.0	106.0	0
-30	-30	106.0	108.0	2
-30	-40	108.0	109.0	0
-40	-30	109.0	110.0	1
-30	-30	110.0	113.0	0
-30	-30	113.0	114.0	0
-30	0	114.0	117.0	2
0	-30	117.0	120.0	0
-30	-30	120.0	123.0	1
-30	-10	123.0	124.0	2
-10	20	124.0	126.0	2
20	0	126.0	128.0	1
0	-10	128.0	131.0	2
-10	-40	131.0	134.0	1
-40	-20	134.0	135.0	2
-20	10	135.0	137.0	2
10	-20	137.0	139.0	0
-20	-40	139.0	142.0	1
-40	-40	142.0	143.0	1
-40	-10	143.0	146.0	0
-10	0	146.0	147.0	2
0	-20	147.0	150.0	1
-20	0	150.0	153.0	1
0	30	153.0	155.0	1
30	10	155.0	158.0	0
10	-20	158.0	161.0	2
-20	-10	161.0	164.0	2
-10	10	164.0	166.0	0
10	-20	166.0	168.0	0
-20	10	168.0	171.0	0
10	30	171.0	172.0	1
30	40	172.0	174.0	1
40	30	174.0	175.0	1
30	30	175.0	178.0	1
30	20	178.0	180.0	1
20	-10	180.0	183.0	1
-10	-40	183.0	185.0	1
-40	-20	185.0	186.0	0
-20	-40	186.0	187.0	1
-40	-10	187.0	188.0	2
-10	-30	188.0	191.0	1
-30	-40	191.0	194.0	0
-40	-30	194.0	196.0	1
-30	-30	196.0	198.0	2
-30	-40	198.0	199.0	2
-40	-40	199.0	200.0	1
-40	-40	200.0	201.0	1
-40	-20	201.0	202.0	0
-20	10	202.0	203.0	0
10	-10	203.0	206.0	2
-10	20	206.0	209.0	1
20	20	209.0	211.0	0
20	40	211.0	214.0	1
40	20	214.0	217.0	0
20	30	217.0	219.0	1
30	30	219.0	221.0	1
30	30	221.0	224.0	0
30	10	224.0	227.0	1
10	40	227.0	229.0	1
40	40	229.0	230.0	0
40	10	230.0	231.0	2
10	40	231.0	233.0	0
40	30	233.0	234.0	0
30	10	234.0	237.0	1
10	-20	237.0	239.0	1
-20	-40	239.0	241.0	1
-40	-30	241.0	243.0	0
-30	-20	243.0	245.0	0
-20	-30	245.0	246.0	0
-30	0	246.0	249.0	1
0	-30	249.0	250.0	0
-30	-40	250.0	253.0	1
-40	-10	253.0	255.0	1
-10	10	255.0	256.0	2
10	40	256.0	259.0	0
40	10	259.0	260.0	0
10	30	260.0	261.0	2
30	30	261.0	264.0	2
30	20	264.0	265.0	2
20	10	265.0	266.0	1
10	40	266.0	267.0	0
40	20	267.0	268.0	0
20	20	268.0	271.0	1
20	20	271.0	273.0	2
20	10	273.0	275.0	2
10	0	275.0	278.0	0
0	-30	278.0	280.0	0
-30	-20	280.0	281.0	0
-20	-20	281.0	283.0	0
-20	-30	283.0	284.0	0
-30	0	284.0	285.0	2
0	-30	285.0	286.0	2
-30	-40	286.0	288.0	0
-40	-40	288.0	290.0	1
-40	-30	290.0	291.0	2
-30	-30	291.0	293.0	0
-30	-10	293.0	296.0	2
-10	20	296.0	297.0	2
20	-10	297.0	298.0	2
