0	0	0	2.0	0
0	-10	2.0	5.0	0
-10	10	5.0	6.0	0
10	40	6.0	8.0	1
40	30	8.0	10.0	1
30	30	10.0	13.0	1
30	30	13.0	16.0	2
30	30	16.0	17.0	1
30	10	17.0	19.0	0
10	40	19.0	21.0	2
40	40	21.0	22.0	2
40	10	22.0	25.0	1
10	-10	25.0	26.0	0
-10	-20	26.0	29.0	2
-20	-40	29.0	30.0	1
-40	-40	30.0	32.0	1
-40	-10	32.0	33.0	1
-10	10	33.0	34.0	2
10	30	34.0	37.0	1
30	10	37.0	38.0	2
10	0	38.0	40.0	1
0	-30	40.0	42.0	0
-30	-30	42.0	45.0	0
-30	0	45.0	46.0	2
0	20	46.0	48.0	1
20	30	48.0	49.0	1
30	40	49.0	50.0	1
40	30	50.0	51.0	1
30	30	51.0	54.0	0
30	0	54.0	56.0	1
0	30	56.0	59.0	1
30	30	59.0	60.0	2
30	40	60.0	63.0	2
40	10	63.0	65.0	0
10	30	65.0	66.0	0
30	40	66.0	69.0	1
40	10	69.0	70.0	2
10	40	70.0	72.0	0
40	30	72.0	74.0	1
30	0	74.0	77.0	0
0	30	77.0	80.0	1
30	40	80.0	81.0	1
40	10	81.0	84.0	2
10	-10	84.0	87.0	0
-10	10	87.0	90.0	1
10	40	90.0	92.0	0
40	30	92.0	93.0	0
30	40	93.0	96.0	1
40	20	96.0	98.0	0
20	10	98.0	101.0	2
10	40	101.0	104.0	1
40	30	104.0	105.0	2
30	30	105.0	106.0	0
30	40	106.0	108.0	0
40	20	108.0	111.0	2
20	40	111.0	113.0	2
40	20	113.0	115.0	2
20	-10	115.0	117.0	1
-10	20	117.0	120.0	0
20	20	120.0	122.0	1
20	-10	122.0	123.0	2
-10	-20	123.0	125.0	1
-20	-10	125.0	127.0	0
-10	-10	127.0	130.0	0
-10	-10	130.0	132.0	2
-10	-30	132.0	135.0	1
-30	-30	135.0	138.0	1
-30	-10	138.0	141.0	1
-10	10	141.0	144.0	2
10	30	144.0	145.0	2
30	10	145.0	146.0	2
10	20	146.0	147.0	0
20	40	147.0	148.0	1
40	20	148.0	149.0	1
20	10	149.0	152.0	2
10	40	152.0	155.0	2
40	30	155.0	157.0	1
30	40	157.0	158.0	1
40	30	158.0	159.0	0
30	30	159.0	160.0	0
30	30	160.0	161.0	1
30	20	161.0	162.0	1
20	20	162.0	164.0	0
20	30	164.0	165.0	1
30	20	165.0	168.0	0
20	10	168.0	170.0	1
10	10	170.0	171.0	0
10	-10	171.0	173.0	0
-10	-40	173.0	175.0	2
-40	-40	175.0	176.0	1
-40	-10	176.0	178.0	0
-10	-20	178.0	180.0	2
-20	10	180.0	183.0	2
10	30	183.0	185.0	1
30	20	185.0	187.0	1
20	0	187.0	190.0	2
0	-30	190.0	191.0	1
-30	-20	191.0	194.0	1
-20	-40	194.0	195.0	0
-40	-20	195.0	198.0	2
-20	-20	198.0	200.0	0
-20	10	200.0	202.0	0
10	20	202.0	205.0	0
20	-10	205.0	208.0	1
-10	20	208.0	209.0	1
20	10	209.0	210.0	2
10	20	210.0	212.0	0
20	30	212.0	214.0	2
30	10	214.0	216.0	2
10	10	216.0	219.0	1
10	20	219.0	220.0	1
20	0	220.0	222.0	2
0	-30	222.0	223.0	2
-30	-20	223.0	225.0	0
-20	-20	225.0	226.0	0
-20	-40	226.0	229.0	0
-40	-20	229.0	230.0	0
-20	-30	230.0	231.0	2
-30	-40	231.0	233.0	0
-40	-40	233.0	234.0	0
-40	-10	234.0	236.0	1
-10	10	236.0	239.0	0
10	0	239.0	242.0	2
0	30	242.0	243.0	0
30	0	243.0	246.0	1
0	-20	246.0	248.0	2
-20	-30	248.0	250.0	2
-30	-20	250.0	251.0	0
-20	10	251.0	253.0	0
10	40	253.0	254.0	1
40	20	254.0	255.0	0
20	10	255.0	257.0	0
10	20	257.0	259.0	0
20	40	259.0	262.0	0
40	30	262.0	263.0	1
30	40	263.0	265.0	0
40	10	265.0	268.0	1
10	-10	268.0	271.0	2
-10	-10	271.0	273.0	1
-10	-20	273.0	275.0	0
-20	10	275.0	277.0	0
10	20	277.0	280.0	2
20	40	280.0	283.0	0
40	30	283.0	284.0	2
30	40	284.0	286.0	2
40	30	286.0	289.0	2
30	0	289.0	291.0	0
0	-20	291.0	294.0	2
-20	-30	294.0	297.0	1
-30	0	297.0	298.0	0
0	-10	298.0	299.0	1
