0	0	0	2.0	0
0	10	2.0	3.0	0
10	0	3.0	5.0	0
0	20	5.0	8.0	0
20	-10	8.0	9.0	0
-10	-20	9.0	10.0	1
-20	-10	10.0	13.0	0
-10	20	13.0	16.0	0
20	-10	16.0	18.0	0
-10	0	18.0	21.0	2
0	0	21.0	23.0	0
0	0	23.0	24.0	2
0	-10	24.0	26.0	0
-10	-40	26.0	28.0	0
-40	-10	28.0	31.0	1
-10	20	31.0	33.0	2
20	10	33.0	36.0	0
10	-10	36.0	39.0	1
-10	10	39.0	40.0	0
10	-10	40.0	42.0	1
-10	-10	42.0	45.0	1
-10	-10	45.0	48.0	2
-10	-10	48.0	49.0	0
-10	-40	49.0	51.0	1
-40	-40	51.0	54.0	0
-40	-20	54.0	55.0	0
-20	10	55.0	58.0	1
10	20	58.0	60.0	1
20	40	60.0	63.0	2
40	10	63.0	64.0	2
10	0	64.0	67.0	0
0	20	67.0	70.0	2
20	40	70.0	73.0	2
40	10	73.0	74.0	1
10	20	74.0	77.0	1
20	20	77.0	78.0	1
20	0	78.0	81.0	1
0	-30	81.0	82.0	1
-30	-10	82.0	85.0	2
-10	-40	85.0	86.0	0
-40	-10	86.0	88.0	0
-10	10	88.0	90.0	0
10	-20	90.0	91.0	2
-20	-40	91.0	94.0	2
-40	-10	94.0	97.0	1
-10	-40	97.0	100.0	2
-40	-30	100.0	103.0	1
-30	-20	103.0	105.0	1
-20	-40	105.0	107.0	2
-40	-30	107.0	109.0	0
-30	-10	109.0	112.0	1
-10	-10	112.0	114.0	0
-10	-20	114.0	117.0	0
-20	-40	117.0	120.0	0
-40	-30	120.0	121.0	0
-30	-20	121.0	123.0	0
-20	0	123.0	125.0	1
0	30	125.0	128.0	2
30	40	128.0	131.0	1
40	30	131.0	133.0	2
30	10	133.0	136.0	1
10	10	136.0	137.0	1
10	40	137.0	139.0	2
40	20	139.0	142.0	0
20	30	142.0	143.0	2
30	10	143.0	146.0	0
10	-10	146.0	148.0	2
-10	-20	148.0	149.0	1
-20	-40	149.0	150.0	2
-40	-30	150.0	151.0	0
-30	-20	151.0	154.0	0
-20	-30	154.0	156.0	1
-30	-10	156.0	159.0	2
-10	10	159.0	160.0	0
10	0	160.0	162.0	0
0	10	162.0	165.0	1
10	30	165.0	167.0	2
30	30	167.0	168.0	0
30	0	168.0	170.0	1
0	-30	170.0	172.0	1
-30	-20	172.0	175.0	2
-20	-20	175.0	176.0	1
-20	-10	176.0	177.0	1
-10	-10	177.0	180.0	0
-10	0	180.0	183.0	0
0	-10	183.0	184.0	1
-10	-10	184.0	187.0	1
-10	10	187.0	190.0	2
10	10	190.0	191.0	0
10	40	191.0	194.0	1
40	20	194.0	197.0	2
20	40	197.0	199.0	0
40	40	199.0	201.0	2
40	30	201.0	202.0	2
30	0	202.0	203.0	1
0	-20	203.0	205.0	0
-20	-10	205.0	207.0	2
-10	-20	207.0	208.0	0
-20	-20	208.0	211.0	0
-20	-40	211.0	214.0	2
-40	-30	214.0	217.0	0
-30	-30	217.0	219.0	0
-30	-30	219.0	222.0	0
-30	-20	222.0	224.0	0
-20	-20	224.0	225.0	2
-20	-30	225.0	226.0	2
-30	-20	226.0	228.0	1
-20	-10	228.0	229.0	2
-10	-20	229.0	230.0	2
-20	0	230.0	233.0	0
0	-10	233.0	236.0	1
-10	-40	236.0	238.0	1
-40	-10	238.0	240.0	1
-10	0	240.0	241.0	2
0	-10	241.0	242.0	2
-10	20	242.0	245.0	1
20	10	245.0	247.0	2
10	-10	247.0	250.0	0
-10	-10	250.0	251.0	0
-10	-10	251.0	254.0	1
-10	10	254.0	255.0	2
10	40	255.0	257.0	2
40	20	257.0	258.0	1
20	30	258.0	261.0	2
30	10	261.0	263.0	1
10	10	263.0	266.0	1
10	0	266.0	268.0	1
0	-30	268.0	271.0	2
-30	-40	271.0	274.0	2
-40	-30	274.0	276.0	2
-30	-30	276.0	279.0	0
-30	-30	279.0	280.0	2
-30	-10	280.0	281.0	1
-10	-10	281.0	282.0	1
-10	-10	282.0	284.0	0
-10	20	284.0	286.0	2
20	30	286.0	288.0	1
30	40	288.0	290.0	0
40	40	290.0	291.0	2
40	10	291.0	294.0	0
10	-10	294.0	295.0	1
-10	-20	295.0	296.0	1
-20	-40	296.0	299.0	1
