0	0	0	2.0	0
0	30	2.0	4.0	1
30	40	4.0	6.0	2
40	10	6.0	8.0	1
10	30	8.0	11.0	0
30	0	11.0	14.0	1
0	30	14.0	15.0	0
30	20	15.0	17.0	2
20	10	17.0	20.0	2
10	20	20.0	23.0	2
20	30	23.0	24.0	1
30	40	24.0	26.0	2
40	30	26.0	28.0	2
30	20	28.0	29.0	0
20	20	29.0	30.0	0
20	10	30.0	31.0	1
10	-10	31.0	34.0	2
-10	0	34.0	35.0	1
0	0	35.0	38.0	1
0	-30	38.0	41.0	2
-30	-20	41.0	42.0	1
-20	0	42.0	44.0	0
0	-20	44.0	47.0	1
-20	-30	47.0	50.0	0
-30	-10	50.0	51.0	2
-10	-10	51.0	54.0	0
-10	0	54.0	56.0	0
0	-10	56.0	57.0	1
-10	-10	57.0	60.0	2
-10	20	60.0	63.0	1
20	20	63.0	66.0	0
20	-10	66.0	69.0	2
-10	0	69.0	71.0	1
0	-10	71.0	72.0	2
-10	-40	72.0	74.0	0
-40	-10	74.0	76.0	1
-10	-30	76.0	79.0	1
-30	-40	79.0	82.0	2
-40	-20	82.0	83.0	0
-20	-40	83.0	84.0	0
-40	-40	84.0	85.0	0
-40	-10	85.0	87.0	0
-10	-10	87.0	88.0	2
-10	10	88.0	89.0	1
10	40	89.0	92.0	0
40	40	92.0	95.0	0
40	20	95.0	96.0	2
20	30	96.0	97.0	1
30	40	97.0	98.0	2
40	20	98.0	100.0	2
20	-10	100.0	103.0	2
-10	20	103.0	106.0	1
20	40	106.0	109.0	2
40	30	109.0	110.0	0
30	0	110.0	113.0	2
0	20	113.0	116.0	2
20	40	116.0	119.0	2
40	20	119.0	122.0	2
20	40	122.0	125.0	1
40	20	125.0	126.0	0
20	-10	126.0	128.0	0
-10	-20	128.0	129.0	1
-20	0	129.0	131.0	2
0	-10	131.0	134.0	1
-10	-30	134.0	135.0	0
-30	-30	135.0	136.0	2
-30	-40	136.0	139.0	0
-40	-20	139.0	142.0	1
-20	0	142.0	145.0	0
0	0	145.0	148.0	1
0	-20	148.0	151.0	1
-20	-40	151.0	153.0	1
-40	-10	153.0	154.0	2
-10	10	154.0	155.0	2
10	30	155.0	156.0	2
30	0	156.0	157.0	1
0	10	157.0	158.0	1
10	40	158.0	161.0	2
40	20	161.0	164.0	2
20	20	164.0	166.0	2
20	20	166.0	167.0	1
20	-10	167.0	169.0	2
-10	0	169.0	170.0	2
0	-30	170.0	171.0	2
-30	-40	171.0	173.0	2
-40	-10	173.0	174.0	0
-10	0	174.0	176.0	1
0	30	176.0	179.0	0
30	30	179.0	180.0	0
30	10	180.0	181.0	2
10	10	181.0	183.0	1
10	20	183.0	185.0	1
20	20	185.0	186.0	1
20	20	186.0	187.0	1
20	40	187.0	190.0	2
40	30	190.0	192.0	2
30	30	192.0	193.0	0
30	0	193.0	194.0	2
0	10	194.0	197.0	0
10	-20	197.0	200.0	0
-20	0	200.0	201.0	0
0	-30	201.0	203.0	2
-30	-30	203.0	206.0	0
-30	-40	206.0	207.0	1
-40	-30	207.0	209.0	1
-30	-10	209.0	210.0	0
-10	0	210.0	213.0	0
0	30	213.0	216.0	0
30	30	216.0	217.0	0
30	30	217.0	219.0	1
30	30	219.0	221.0	0
30	30	221.0	224.0	2
30	0	224.0	225.0	0
0	-10	225.0	226.0	2
-10	-20	226.0	228.0	1
-20	-20	228.0	230.0	1
-20	-30	230.0	232.0	2
-30	-30	232.0	235.0	2
-30	0	235.0	238.0	2
0	0	238.0	239.0	0
0	0	239.0	240.0	2
0	-10	240.0	241.0	1
-10	20	241.0	242.0	1
20	20	242.0	244.0	2
20	40	244.0	246.0	1
40	30	246.0	249.0	2
30	0	249.0	252.0	0
0	-20	252.0	253.0	2
-20	-30	253.0	256.0	1
-30	-20	256.0	259.0	2
-20	-30	259.0	260.0	2
-30	-10	260.0	261.0	2
-10	0	261.0	262.0	2
0	20	262.0	264.0	2
20	10	264.0	267.0	1
10	10	267.0	269.0	1
10	40	269.0	271.0	2
40	10	271.0	274.0	1
10	30	274.0	275.0	1
30	20	275.0	277.0	0
20	-10	277.0	280.0	2
-10	10	280.0	281.0	2
10	-20	281.0	282.0	0
-20	-40	282.0	285.0	2
-40	-30	285.0	288.0	1
-30	-10	288.0	289.0	1
-10	0	289.0	290.0	0
0	20	290.0	293.0	2
20	10	293.0	295.0	2
10	30	295.0	298.0	0
30	20	298.0	299.0	0
