0	0	0	2.0	0
0	20	2.0	5.0	0
20	40	5.0	7.0	2
40	10	7.0	9.0	1
10	-10	9.0	10.0	1
-10	-10	10.0	12.0	0
-10	20	12.0	15.0	1
20	20	15.0	17.0	1
20	10	17.0	20.0	2
10	20	20.0	23.0	0
20	-10	23.0	26.0	0
-10	-10	26.0	28.0	0
-10	0	28.0	31.0	1
0	20	31.0	33.0	0
20	10	33.0	36.0	0
10	30	36.0	37.0	1
30	40	37.0	40.0	2
40	10	40.0	42.0	0
10	40	42.0	43.0	0
40	10	43.0	44.0	0
10	-10	44.0	47.0	0
-10	-30	47.0	48.0	1
-30	0	48.0	51.0	0
0	-20	51.0	52.0	0
-20	0	52.0	54.0	0
0	-10	54.0	57.0	0
-10	0	57.0	58.0	1
0	-20	58.0	59.0	2
-20	-10	59.0	61.0	0
-10	-40	61.0	64.0	1
-40	-40	64.0	66.0	1
-40	-10	66.0	67.0	2
-10	-10	67.0	69.0	2
-10	-20	69.0	71.0	0
-20	0	71.0	73.0	1
0	20	73.0	76.0	2
20	40	76.0	77.0	0
40	30	77.0	78.0	1
30	10	78.0	79.0	2
10	-10	79.0	81.0	0
-10	0	81.0	83.0	0
0	-30	83.0	85.0	1
-30	-20	85.0	86.0	0
-20	-40	86.0	89.0	1
-40	-40	89.0	91.0	1
-40	-10	91.0	94.0	2
-10	-30	94.0	96.0	1
-30	-20	96.0	97.0	2
-20	-10	97.0	99.0	2
-10	-30	99.0	101.0	2
-30	0	101.0	102.0	1
0	-10	102.0	104.0	0
-10	-10	104.0	107.0	2
-10	10	107.0	110.0	2
10	20	110.0	112.0	0
20	-10	112.0	115.0	1
-10	-30	115.0	118.0	1
-30	0	118.0	120.0	0
0	-30	120.0	121.0	2
-30	-20	121.0	122.0	1
-20	-20	122.0	123.0	2
-20	-40	123.0	124.0	1
-40	-30	124.0	126.0	0
-30	-40	126.0	127.0	1
-40	-10	127.0	128.0	0
-10	-10	128.0	130.0	2
-10	0	130.0	132.0	0
0	30	132.0	133.0	2
30	0	133.0	135.0	2
0	-30	135.0	136.0	1
-30	-40	136.0	138.0	2
-40	-40	138.0	140.0	1
-40	-10	140.0	143.0	2
-10	0	143.0	145.0	0
0	10	145.0	148.0	2
10	10	148.0	151.0	2
10	10	151.0	153.0	0
10	10	153.0	156.0	2
10	10	156.0	158.0	1
10	-20	158.0	159.0	0
-20	-30	159.0	162.0	1
-30	-10	162.0	165.0	1
-10	-40	165.0	166.0	2
-40	-20	166.0	168.0	1
-20	0	168.0	170.0	1
0	10	170.0	171.0	2
10	10	171.0	173.0	1
10	0	173.0	176.0	0
0	-20	176.0	179.0	1
-20	-40	179.0	181.0	2
-40	-30	181.0	184.0	0
-30	-40	184.0	187.0	0
-40	-10	187.0	188.0	1
-10	-20	188.0	189.0	2
-20	10	189.0	191.0	0
10	30	191.0	193.0	1
30	10	193.0	195.0	1
10	10	195.0	198.0	2
10	30	198.0	200.0	1
30	10	200.0	203.0	2
10	10	203.0	205.0	2
10	-10	205.0	207.0	0
-10	0	207.0	210.0	1
0	20	210.0	212.0	1
20	10	212.0	214.0	1
10	30	214.0	217.0	1
30	30	217.0	218.0	2
30	40	218.0	221.0	0
40	20	221.0	224.0	0
20	30	224.0	226.0	0
30	40	226.0	228.0	2
40	30	228.0	231.0	0
30	30	231.0	234.0	0
30	20	234.0	236.0	1
20	10	236.0	238.0	0
10	-10	238.0	241.0	1
-10	0	241.0	243.0	2
0	-30	243.0	244.0	2
-30	-40	244.0	246.0	1
-40	-20	246.0	249.0	2
-20	-10	249.0	252.0	1
-10	-10	252.0	255.0	0
-10	-30	255.0	257.0	2
-30	-10	257.0	259.0	0
-10	20	259.0	261.0	2
20	10	261.0	262.0	1
10	0	262.0	265.0	2
0	20	265.0	268.0	2
20	20	268.0	271.0	0
20	0	271.0	274.0	1
0	-30	274.0	276.0	0
-30	-40	276.0	277.0	1
-40	-10	277.0	278.0	0
-10	-20	278.0	279.0	0
-20	-10	279.0	281.0	1
-10	-30	281.0	284.0	0
-30	0	284.0	286.0	2
0	-30	286.0	289.0	2
-30	0	289.0	292.0	0
0	30	292.0	295.0	1
30	0	295.0	298.0	0
