0	0	0	2.0	0
0	30	2.0	3.0	2
30	10	3.0	5.0	0
10	30	5.0	7.0	1
30	20	7.0	10.0	1
20	30	10.0	11.0	0
30	0	11.0	12.0	2
0	-10	12.0	14.0	2
-10	-20	14.0	17.0	0
-20	-40	17.0	20.0	0
-40	-30	20.0	21.0	1
-30	-30	21.0	23.0	0
-30	-20	23.0	25.0	0
-20	-40	25.0	28.0	0
-40	-20	28.0	29.0	1
-20	-30	29.0	30.0	0
-30	-30	30.0	31.0	1
-30	0	31.0	34.0	1
0	10	34.0	35.0	0
10	10	35.0	36.0	1
10	20	36.0	37.0	1
20	0	37.0	38.0	2
0	-10	38.0	41.0	0
-10	20	41.0	42.0	0
20	30	42.0	44.0	2
30	40	44.0	46.0	2
40	30	46.0	47.0	1
30	30	47.0	50.0	0
30	0	50.0	52.0	1
0	-30	52.0	54.0	1
-30	-20	54.0	55.0	0
-20	-20	55.0	57.0	0
-20	0	57.0	60.0	2
0	10	60.0	62.0	0
10	0	62.0	63.0	2
0	0	63.0	65.0	0
0	10	65.0	66.0	2
10	40	66.0	68.0	0
40	30	68.0	71.0	0
30	40	71.0	72.0	0
40	20	72.0	75.0	1
20	10	75.0	77.0	2
10	20	77.0	79.0	0
20	-10	79.0	81.0	2
-10	20	81.0	82.0	1
20	-10	82.0	84.0	1
-10	-20	84.0	85.0	2
-20	-10	85.0	87.0	2
-10	-30	87.0	90.0	1
-30	-30	90.0	92.0	1
-30	-20	92.0	94.0	0
-20	-30	94.0	96.0	0
-30	-30	96.0	99.0	1
-30	0	99.0	102.0	2
0	-30	102.0	103.0	0
-30	-20	103.0	105.0	0
-20	10	105.0	106.0	2
10	20	106.0	107.0	2
20	40	107.0	108.0	2
40	10	108.0	111.0	2
10	10	111.0	113.0	2
10	10	113.0	115.0	2
10	30	115.0	116.0	0
30	30	116.0	119.0	0
30	20	119.0	121.0	1
20	40	121.0	123.0	2
40	20	123.0	124.0	2
20	30	124.0	125.0	0
30	0	125.0	126.0	1
0	10	126.0	129.0	1
10	30	129.0	132.0	1
30	0	132.0	133.0	0
0	0	133.0	136.0	2
0	-20	136.0	138.0	1
-20	0	138.0	141.0	0
0	-20	141.0	144.0	0
-20	-40	144.0	146.0	1
-40	-10	146.0	147.0	2
-10	10	147.0	150.0	1
10	0	150.0	152.0	2
0	10	152.0	153.0	2
10	0	153.0	154.0	2
0	-30	154.0	156.0	1
-30	-30	156.0	159.0	2
-30	0	159.0	162.0	1
0	-10	162.0	165.0	2
-10	10	165.0	166.0	0
10	30	166.0	169.0	2
30	20	169.0	171.0	0
20	10	171.0	172.0	1
10	-10	172.0	173.0	2
-10	0	173.0	176.0	2
0	-20	176.0	177.0	1
-20	-10	177.0	180.0	1
-10	20	180.0	181.0	1
20	40	181.0	183.0	1
40	20	183.0	186.0	0
20	-10	186.0	187.0	0
-10	20	187.0	188.0	2
20	40	188.0	189.0	2
40	10	189.0	191.0	1
10	0	191.0	192.0	0
0	-20	192.0	193.0	1
-20	-40	193.0	195.0	2
-40	-10	195.0	198.0	2
-10	20	198.0	201.0	2
20	20	201.0	203.0	2
20	10	203.0	204.0	1
10	-10	204.0	206.0	1
-10	10	206.0	209.0	0
10	30	209.0	211.0	2
30	10	211.0	214.0	1
10	20	214.0	217.0	0
20	20	217.0	218.0	2
20	30	218.0	221.0	2
30	20	221.0	223.0	0
20	10	223.0	224.0	2
10	40	224.0	225.0	0
40	10	225.0	228.0	0
10	0	228.0	230.0	2
0	10	230.0	231.0	2
10	20	231.0	233.0	1
20	10	233.0	234.0	0
10	-20	234.0	235.0	2
-20	10	235.0	238.0	2
10	30	238.0	240.0	1
30	10	240.0	242.0	0
10	10	242.0	244.0	0
10	20	244.0	247.0	0
20	0	247.0	249.0	1
0	-10	249.0	252.0	0
-10	-30	252.0	254.0	0
-30	-20	254.0	256.0	2
-20	-10	256.0	258.0	1
-10	-30	258.0	261.0	1
-30	-30	261.0	263.0	2
-30	-40	263.0	266.0	0
-40	-30	266.0	269.0	2
-30	-10	269.0	272.0	2
-10	-40	272.0	273.0	0
-40	-10	273.0	276.0	2
-10	-20	276.0	277.0	2
-20	10	277.0	278.0	2
10	-10	278.0	280.0	2
-10	0	280.0	281.0	1
0	10	281.0	283.0	2
10	10	283.0	284.0	1
10	0	284.0	287.0	1
0	30	287.0	288.0	0
30	10	288.0	290.0	1
10	-10	290.0	292.0	2
-10	-10	292.0	294.0	0
-10	-10	294.0	296.0	0
-10	10	296.0	297.0	1
10	0	297.0	299.0	1
