0	0	0	2.0	0
0	20	2.0	4.0	0
20	40	4.0	5.0	1
40	40	5.0	6.0	1
40	10	6.0	9.0	1
10	30	9.0	11.0	2
30	40	11.0	12.0	0
40	10	12.0	14.0	0
10	10	14.0	15.0	1
10	-20	15.0	16.0	1
-20	0	16.0	19.0	0
0	30	19.0	22.0	2
30	20	22.0	24.0	0
20	0	24.0	27.0	1
0	30	27.0	29.0	1
30	30	29.0	32.0	2
30	0	32.0	34.0	2
0	20	34.0	37.0	0
20	-10	37.0	40.0	2
-10	0	40.0	42.0	1
0	-10	42.0	45.0	0
-10	0	45.0	48.0	0
0	-10	48.0	50.0	2
-10	20	50.0	53.0	2
20	0	53.0	54.0	2
0	10	54.0	55.0	0
10	30	55.0	58.0	0
30	10	58.0	59.0	2
10	40	59.0	60.0	2
40	10	60.0	63.0	2
10	30	63.0	66.0	2
30	10	66.0	68.0	2
10	0	68.0	69.0	0
0	-20	69.0	71.0	2
-20	-30	71.0	73.0	2
-30	0	73.0	76.0	2
0	10	76.0	78.0	1
10	10	78.0	81.0	0
10	30	81.0	83.0	1
30	40	83.0	86.0	0
40	10	86.0	89.0	1
10	0	89.0	90.0	1
0	0	90.0	92.0	2
0	-10	92.0	95.0	2
-10	-30	95.0	97.0	2
-30	-40	97.0	99.0	1
-40	-20	99.0	100.0	0
-20	-40	100.0	103.0	2
-40	-20	103.0	105.0	1
-20	-40	105.0	108.0	2
-40	-20	108.0	111.0	1
-20	0	111.0	114.0	0
0	0	114.0	116.0	2
0	30	116.0	119.0	0
30	20	119.0	122.0	0
20	10	122.0	124.0	1
10	-20	124.0	127.0	1
-20	-40	127.0	129.0	1
-40	-20	129.0	130.0	2
-20	-40	130.0	133.0	2
-40	-10	133.0	135.0	2
-10	10	135.0	138.0	0
10	-20	138.0	140.0	0
-20	0	140.0	142.0	2
0	0	142.0	143.0	1
0	-10	143.0	145.0	0
-10	-40	145.0	148.0	0
-40	-20	148.0	151.0	2
-20	-40	151.0	154.0	2
-40	-10	154.0	155.0	0
-10	-30	155.0	157.0	0
-30	-40	157.0	159.0	2
-40	-30	159.0	161.0	1
-30	-20	161.0	164.0	2
-20	-40	164.0	167.0	2
-40	-30	167.0	168.0	2
-30	0	168.0	171.0	1
0	10	171.0	174.0	1
10	-10	174.0	175.0	1
-10	10	175.0	178.0	0
10	20	178.0	181.0	2
20	20	181.0	182.0	2
20	-10	182.0	183.0	2
-10	-20	183.0	185.0	2
-20	0	185.0	187.0	1
0	10	187.0	190.0	1
10	20	190.0	192.0	1
20	0	192.0	194.0	0
0	30	194.0	196.0	2
30	20	196.0	199.0	1
20	10	199.0	201.0	2
10	-10	201.0	202.0	0
-10	-10	202.0	203.0	0
-10	10	203.0	204.0	1
10	-10	204.0	206.0	2
-10	-10	206.0	208.0	0
-10	-20	208.0	210.0	0
-20	-40	210.0	211.0	2
-40	-20	211.0	212.0	2
-20	0	212.0	215.0	1
0	20	215.0	217.0	2
20	10	217.0	218.0	1
10	-10	218.0	220.0	1
-10	0	220.0	222.0	0
0	0	222.0	225.0	2
0	0	225.0	226.0	1
0	30	226.0	227.0	2
30	10	227.0	228.0	0
10	10	228.0	229.0	0
10	30	229.0	231.0	1
30	10	231.0	232.0	2
10	-20	232.0	234.0	2
-20	-10	234.0	236.0	2
-10	-30	236.0	237.0	2
-30	-20	237.0	238.0	0
-20	10	238.0	241.0	0
10	10	241.0	242.0	0
10	30	242.0	244.0	0
30	40	244.0	247.0	1
40	30	247.0	250.0	2
30	40	250.0	251.0	1
40	20	251.0	252.0	0
20	40	252.0	253.0	0
40	30	253.0	256.0	2
30	40	256.0	259.0	0
40	20	259.0	260.0	1
20	30	260.0	261.0	1
30	40	261.0	264.0	1
40	40	264.0	265.0	0
40	20	265.0	266.0	2
20	20	266.0	269.0	2
20	30	269.0	272.0	0
30	10	272.0	273.0	0
10	20	273.0	274.0	1
20	0	274.0	276.0	0
0	20	276.0	277.0	1
20	20	277.0	279.0	1
20	40	279.0	281.0	1
40	40	281.0	283.0	0
40	30	283.0	285.0	0
30	40	285.0	286.0	2
40	10	286.0	287.0	2
10	40	287.0	290.0	2
40	40	290.0	291.0	2
40	20	291.0	293.0	2
20	10	293.0	294.0	1
10	10	294.0	295.0	2
10	0	295.0	296.0	1
0	-10	296.0	299.0	2
