0	0	0	2.0	0
0	-10	2.0	3.0	0
-10	10	3.0	5.0	0
10	20	5.0	8.0	2
20	20	8.0	9.0	1
20	30	9.0	12.0	1
30	20	12.0	13.0	0
20	0	13.0	15.0	0
0	-30	15.0	16.0	1
-30	-30	16.0	18.0	0
-30	-40	18.0	21.0	2
-40	-10	21.0	23.0	0
-10	20	23.0	25.0	2
20	-10	25.0	27.0	0
-10	-10	27.0	28.0	0
-10	-40	28.0	30.0	1
-40	-20	30.0	32.0	1
-20	-40	32.0	34.0	0
-40	-20	34.0	37.0	1
-20	-30	37.0	40.0	0
-30	-20	40.0	42.0	1
-20	-40	42.0	43.0	2
-40	-30	43.0	46.0	2
-30	0	46.0	47.0	2
0	-10	47.0	49.0	2
-10	10	49.0	51.0	1
10	0	51.0	54.0	1
0	0	54.0	57.0	2
0	-30	57.0	60.0	0
-30	-20	60.0	63.0	0
-20	10	63.0	66.0	1
10	0	66.0	69.0	1
0	-20	69.0	71.0	1
-20	-30	71.0	72.0	1
-30	-40	72.0	73.0	2
-40	-20	73.0	75.0	2
-20	10	75.0	77.0	1
10	30	77.0	78.0	1
30	0	78.0	81.0	2
0	10	81.0	82.0	1
10	30	82.0	84.0	0
30	10	84.0	87.0	2
10	-20	87.0	90.0	1
-20	-20	90.0	92.0	1
-20	0	92.0	94.0	0
0	-30	94.0	97.0	1
-30	-30	97.0	98.0	0
-30	-40	98.0	100.0	2
-40	-20	100.0	103.0	1
-20	-30	103.0	104.0	2
-30	-40	104.0	107.0	1
-40	-40	107.0	109.0	0
-40	-30	109.0	112.0	1
-30	-20	112.0	113.0	0
-20	-30	113.0	114.0	0
-30	0	114.0	115.0	1
0	-10	115.0	116.0	2
-10	0	116.0	117.0	2
0	-30	117.0	119.0	0
-30	-40	119.0	121.0	2
-40	-30	121.0	124.0	0
-30	-20	124.0	127.0	0
-20	-30	127.0	129.0	2
-30	-40	129.0	131.0	2
-40	-10	131.0	134.0	1
-10	-40	134.0	135.0	1
-40	-40	135.0	136.0	0
-40	-10	136.0	137.0	2
-10	-20	137.0	139.0	0
-20	0	139.0	141.0	0
0	10	141.0	142.0	0
10	0	142.0	145.0	0
0	30	145.0	148.0	2
30	20	148.0	151.0	2
20	30	151.0	153.0	0
30	40	153.0	156.0	2
40	10	156.0	159.0	1
10	-20	159.0	161.0	0
-20	-10	161.0	164.0	0
-10	-20	164.0	165.0	0
-20	-30	165.0	166.0	2
-30	-40	166.0	168.0	1
-40	-40	168.0	171.0	2
-40	-30	171.0	173.0	1
-30	-40	173.0	174.0	2
-40	-10	174.0	175.0	1
-10	20	175.0	178.0	0
20	10	178.0	180.0	2
10	30	180.0	181.0	0
30	40	181.0	183.0	2
40	40	183.0	186.0	1
40	30	186.0	189.0	1
30	10	189.0	192.0	0
10	10	192.0	194.0	0
10	0	194.0	196.0	2
0	10	196.0	199.0	2
10	-10	199.0	202.0	1
-10	-30	202.0	203.0	0
-30	-30	203.0	206.0	2
-30	-20	206.0	208.0	2
-20	-10	208.0	210.0	0
-10	20	210.0	213.0	0
20	-10	213.0	216.0	0
-10	20	216.0	217.0	0
20	0	217.0	220.0	0
0	0	220.0	222.0	2
0	-30	222.0	223.0	1
-30	-10	223.0	224.0	1
-10	-20	224.0	226.0	2
-20	-20	226.0	229.0	1
-20	0	229.0	232.0	2
0	10	232.0	234.0	1
10	-10	234.0	236.0	0
-10	0	236.0	238.0	1
0	10	238.0	241.0	2
10	30	241.0	242.0	2
30	40	242.0	245.0	1
40	20	245.0	248.0	2
20	-10	248.0	250.0	0
-10	-10	250.0	253.0	2
-10	-30	253.0	255.0	1
-30	-10	255.0	258.0	2
-10	10	258.0	260.0	1
10	10	260.0	261.0	2
10	30	261.0	262.0	2
30	40	262.0	263.0	0
40	30	263.0	266.0	0
30	40	266.0	267.0	1
40	10	267.0	269.0	1
10	30	269.0	270.0	2
30	40	270.0	273.0	1
40	40	273.0	274.0	2
40	20	274.0	276.0	0
20	10	276.0	277.0	2
10	0	277.0	278.0	0
0	20	278.0	281.0	0
20	40	281.0	283.0	0
40	30	283.0	286.0	1
30	20	286.0	288.0	1
20	0	288.0	291.0	1
0	30	291.0	293.0	2
30	0	293.0	296.0	2
0	20	296.0	297.0	1
20	10	297.0	298.0	1
