0	0	0	2.0	0
0	0	2.0	5.0	1
0	20	5.0	8.0	2
20	-10	8.0	10.0	2
-10	-10	10.0	13.0	1
-10	-40	13.0	15.0	2
-40	-30	15.0	16.0	1
-30	-10	16.0	17.0	1
-10	10	17.0	20.0	1
10	-20	20.0	21.0	2
-20	10	21.0	23.0	1
10	20	23.0	26.0	1
20	30	26.0	27.0	2
30	20	27.0	29.0	2
20	40	29.0	32.0	1
40	30	32.0	34.0	1
30	0	34.0	37.0	2
0	30	37.0	38.0	2
30	40	38.0	41.0	0
40	10	41.0	42.0	2
10	-20	42.0	43.0	0
-20	10	43.0	46.0	1
10	-10	46.0	48.0	1
-10	-20	48.0	49.0	2
-20	-30	49.0	51.0	1
-30	-30	51.0	52.0	2
-30	-20	52.0	55.0	1
-20	-20	55.0	58.0	2
-20	0	58.0	60.0	0
0	0	60.0	63.0	1
0	-10	63.0	65.0	0
-10	10	65.0	67.0	0
10	-20	67.0	70.0	0
-20	0	70.0	72.0	0
0	-20	72.0	74.0	2
-20	0	74.0	77.0	0
0	-30	77.0	78.0	2
-30	-10	78.0	81.0	0
-10	20	81.0	83.0	1
20	0	83.0	86.0	2
0	0	86.0	89.0	0
0	30	89.0	90.0	2
30	30	90.0	91.0	1
30	20	91.0	92.0	1
20	40	92.0	93.0	0
40	40	93.0	96.0	1
40	30	96.0	97.0	0
30	30	97.0	98.0	0
30	0	98.0	101.0	1
0	10	101.0	104.0	1
10	0	104.0	105.0	0
0	30	105.0	108.0	2
30	20	108.0	109.0	2
20	-10	109.0	111.0	2
-10	-30	111.0	112.0	1
-30	-40	112.0	113.0	0
-40	-20	113.0	116.0	1
-20	-20	116.0	119.0	0
-20	-40	119.0	120.0	2
-40	-30	120.0	122.0	0
-30	-10	122.0	124.0	1
-10	-30	124.0	127.0	0
-30	-30	127.0	129.0	1
-30	-20	129.0	132.0	2
-20	-20	132.0	135.0	2
-20	-40	135.0	136.0	1
-40	-40	136.0	137.0	0
-40	-40	137.0	139.0	2
-40	-40	139.0	141.0	0
-40	-40	141.0	143.0	0
-40	-40	143.0	146.0	2
-40	-40	146.0	149.0	0
-40	-40	149.0	150.0	0
-40	-40	150.0	153.0	0
-40	-20	153.0	156.0	1
-20	-10	156.0	157.0	0
-10	-20	157.0	159.0	0
-20	0	159.0	162.0	2
0	-20	162.0	164.0	1
-20	0	164.0	166.0	2
0	-10	166.0	168.0	1
-10	-30	168.0	171.0	0
-30	-30	171.0	173.0	0
-30	0	173.0	176.0	0
0	20	176.0	178.0	2
20	10	178.0	180.0	2
10	-20	180.0	182.0	0
-20	-30	182.0	183.0	1
-30	-30	183.0	186.0	0
-30	-10	186.0	189.0	0
-10	20	189.0	190.0	2
20	0	190.0	193.0	2
0	10	193.0	196.0	0
10	-20	196.0	198.0	0
-20	-20	198.0	200.0	2
-20	10	200.0	201.0	1
10	40	201.0	203.0	0
40	20	203.0	205.0	0
20	0	205.0	207.0	2
0	-30	207.0	210.0	0
-30	0	210.0	212.0	1
0	-20	212.0	213.0	2
-20	-20	213.0	216.0	2
-20	-30	216.0	218.0	1
-30	-40	218.0	219.0	1
-40	-20	219.0	220.0	0
-20	-20	220.0	223.0	2
-20	0	223.0	224.0	2
0	-30	224.0	226.0	0
-30	-40	226.0	229.0	2
-40	-40	229.0	232.0	0
-40	-30	232.0	233.0	2
-30	-30	233.0	236.0	0
-30	-30	236.0	237.0	2
-30	0	237.0	238.0	0
0	-20	238.0	239.0	2
-20	-20	239.0	241.0	2
-20	-40	241.0	244.0	0
-40	-30	244.0	247.0	1
-30	-30	247.0	250.0	1
-30	-30	250.0	253.0	0
-30	0	253.0	256.0	2
0	-30	256.0	258.0	0
-30	-10	258.0	259.0	2
-10	-30	259.0	261.0	1
-30	-30	261.0	262.0	1
-30	-20	262.0	265.0	0
-20	-30	265.0	267.0	2
-30	-20	267.0	269.0	2
-20	-30	269.0	272.0	1
-30	0	272.0	273.0	2
0	-10	273.0	276.0	2
-10	-20	276.0	277.0	0
-20	-30	277.0	280.0	0
-30	-30	280.0	281.0	2
-30	-20	281.0	283.0	1
-20	-30	283.0	284.0	0
-30	-40	284.0	286.0	0
-40	-30	286.0	287.0	2
-30	-10	287.0	290.0	0
-10	-30	290.0	293.0	2
-30	0	293.0	296.0	2
0	-10	296.0	299.0	1
