0	0	0	2.0	0
0	20	2.0	3.0	2
20	10	3.0	6.0	1
10	30	6.0	8.0	0
30	30	8.0	10.0	0
30	10	10.0	12.0	0
10	10	12.0	13.0	0
10	-20	13.0	15.0	1
-20	-40	15.0	17.0	2
-40	-30	17.0	18.0	1
-30	-40	18.0	19.0	2
-40	-40	19.0	20.0	1
-40	-20	20.0	22.0	0
-20	-40	22.0	23.0	1
-40	-40	23.0	26.0	1
-40	-10	26.0	29.0	1
-10	-40	29.0	30.0	0
-40	-30	30.0	31.0	0
-30	-40	31.0	32.0	0
-40	-10	32.0	35.0	2
-10	10	35.0	38.0	2
10	-20	38.0	40.0	2
-20	-40	40.0	41.0	1
-40	-20	41.0	44.0	0
-20	-40	44.0	45.0	2
-40	-20	45.0	47.0	0
-20	-40	47.0	50.0	2
-40	-10	50.0	53.0	0
-10	-40	53.0	55.0	2
-40	-30	55.0	58.0	0
-30	-30	58.0	60.0	1
-30	-10	60.0	62.0	2
-10	-30	62.0	63.0	0
-30	-10	63.0	64.0	1
-10	-20	64.0	66.0	1
-20	-30	66.0	67.0	1
-30	-40	67.0	69.0	0
-40	-30	69.0	72.0	2
-30	-20	72.0	73.0	2
-20	10	73.0	75.0	2
10	20	75.0	78.0	2
20	20	78.0	81.0	0
20	10	81.0	82.0	0
10	0	82.0	85.0	1
0	0	85.0	87.0	1
0	10	87.0	89.0	0
10	-10	89.0	91.0	1
-10	-30	91.0	92.0	1
-30	-30	92.0	93.0	0
-30	-20	93.0	94.0	1
-20	-20	94.0	95.0	0
-20	0	95.0	98.0	1
0	0	98.0	101.0	2
0	10	101.0	103.0	2
10	0	103.0	106.0	1
0	10	106.0	107.0	0
10	10	107.0	109.0	1
10	30	109.0	110.0	2
30	30	110.0	111.0	2
30	0	111.0	112.0	1
0	-10	112.0	113.0	1
-10	20	113.0	116.0	2
20	0	116.0	117.0	1
0	-30	117.0	118.0	2
-30	-10	118.0	121.0	2
-10	20	121.0	122.0	0
20	20	122.0	123.0	1
20	0	123.0	125.0	0
0	-20	125.0	126.0	2
-20	-40	126.0	128.0	1
-40	-10	128.0	130.0	0
-10	-20	130.0	133.0	1
-20	0	133.0	134.0	0
0	0	134.0	137.0	1
0	-10	137.0	139.0	1
-10	10	139.0	141.0	1
10	-10	141.0	143.0	1
-10	0	143.0	146.0	2
0	10	146.0	148.0	0
10	30	148.0	151.0	2
30	20	151.0	152.0	1
20	20	152.0	153.0	1
20	10	153.0	154.0	0
10	-20	154.0	155.0	2
-20	0	155.0	157.0	0
0	-10	157.0	158.0	1
-10	0	158.0	161.0	1
0	-10	161.0	163.0	2
-10	-20	163.0	164.0	2
-20	-10	164.0	167.0	2
-10	-40	167.0	169.0	0
-40	-30	169.0	171.0	2
-30	-20	171.0	174.0	0
-20	-10	174.0	177.0	1
-10	-10	177.0	178.0	0
-10	-20	178.0	179.0	1
-20	10	179.0	181.0	0
10	20	181.0	184.0	2
20	40	184.0	187.0	2
40	40	187.0	188.0	0
40	10	188.0	190.0	0
10	-20	190.0	193.0	1
-20	0	193.0	194.0	1
0	-30	194.0	196.0	0
-30	-40	196.0	199.0	1
-40	-10	199.0	200.0	2
-10	10	200.0	202.0	1
10	20	202.0	204.0	0
20	40	204.0	207.0	0
40	20	207.0	208.0	1
20	-10	208.0	209.0	1
-10	-20	209.0	210.0	1
-20	-10	210.0	211.0	1
-10	-20	211.0	212.0	0
-20	-10	212.0	214.0	0
-10	-30	214.0	215.0	2
-30	-10	215.0	218.0	1
-10	10	218.0	221.0	1
10	10	221.0	223.0	0
10	-10	223.0	225.0	1
-10	0	225.0	226.0	1
0	10	226.0	227.0	0
10	-20	227.0	230.0	0
-20	-30	230.0	231.0	0
-30	-30	231.0	232.0	0
-30	-30	232.0	234.0	2
-30	-10	234.0	236.0	2
-10	-10	236.0	237.0	1
-10	20	237.0	240.0	2
20	40	240.0	242.0	1
40	20	242.0	245.0	1
20	0	245.0	247.0	0
0	0	247.0	248.0	1
0	-20	248.0	249.0	1
-20	-10	249.0	250.0	1
-10	-40	250.0	253.0	2
-40	-10	253.0	254.0	2
-10	10	254.0	256.0	0
10	0	256.0	258.0	2
0	30	258.0	261.0	0
30	10	261.0	264.0	0
10	-20	264.0	265.0	2
-20	-20	265.0	268.0	0
-20	0	268.0	269.0	1
0	-10	269.0	271.0	2
-10	-20	271.0	273.0	0
-20	-30	273.0	274.0	0
-30	-10	274.0	275.0	1
-10	-40	275.0	276.0	1
-40	-30	276.0	277.0	1
-30	-40	277.0	278.0	1
-40	-40	278.0	281.0	0
-40	-10	281.0	283.0	0
-10	20	283.0	285.0	0
20	20	285.0	287.0	0
20	40	287.0	290.0	0
40	20	290.0	293.0	0
20	20	293.0	295.0	0
20	0	295.0	297.0	1
0	0	297.0	299.0	2
