0	0	0	2.0	0
0	10	2.0	3.0	2
10	20	3.0	4.0	2
20	30	4.0	6.0	1
30	10	6.0	9.0	1
10	-20	9.0	12.0	1
-20	-20	12.0	14.0	0
-20	-40	14.0	15.0	2
-40	-40	15.0	16.0	0
-40	-40	16.0	17.0	1
-40	-30	17.0	19.0	2
-30	-20	19.0	20.0	0
-20	-20	20.0	22.0	2
-20	-40	22.0	25.0	0
-40	-10	25.0	27.0	0
-10	-10	27.0	29.0	1
-10	-20	29.0	32.0	0
-20	-40	32.0	33.0	0
-40	-30	33.0	34.0	0
-30	0	34.0	35.0	1
0	10	35.0	36.0	0
10	40	36.0	39.0	2
40	40	39.0	41.0	0
40	30	41.0	42.0	1
30	20	42.0	44.0	1
20	20	44.0	45.0	1
20	0	45.0	48.0	0
0	-30	48.0	51.0	2
-30	0	51.0	54.0	1
0	30	54.0	55.0	0
30	40	55.0	58.0	2
40	10	58.0	60.0	0
10	30	60.0	62.0	1
30	10	62.0	65.0	2
10	20	65.0	66.0	2
20	-10	66.0	67.0	1
-10	10	67.0	69.0	1
10	30	69.0	70.0	2
30	30	70.0	71.0	1
30	0	71.0	74.0	2
0	0	74.0	75.0	0
0	20	75.0	78.0	2
20	0	78.0	80.0	1
0	30	80.0	83.0	0
30	40	83.0	85.0	0
40	20	85.0	86.0	2
20	10	86.0	89.0	0
10	20	89.0	91.0	1
20	20	91.0	93.0	0
20	40	93.0	95.0	1
40	30	95.0	98.0	1
30	0	98.0	99.0	0
0	-30	99.0	101.0	1
-30	-40	101.0	104.0	2
-40	-30	104.0	107.0	2
-30	-30	107.0	109.0	2
-30	-30	109.0	110.0	2
-30	-30	110.0	113.0	1
-30	-20	113.0	116.0	1
-20	-30	116.0	119.0	0
-30	-10	119.0	120.0	2
-10	-30	120.0	122.0	2
-30	-30	122.0	124.0	2
-30	-40	124.0	125.0	2
-40	-40	125.0	127.0	2
-40	-10	127.0	130.0	0
-10	-40	130.0	132.0	0
-40	-40	132.0	134.0	1
-40	-30	134.0	136.0	2
-30	-10	136.0	137.0	0
-10	-20	137.0	139.0	2
-20	10	139.0	142.0	2
10	30	142.0	143.0	0
30	0	143.0	145.0	2
0	10	145.0	146.0	2
10	30	146.0	148.0	1
30	0	148.0	151.0	0
0	10	151.0	152.0	0
10	20	152.0	154.0	0
20	30	154.0	155.0	2
30	30	155.0	158.0	1
30	20	158.0	160.0	2
20	40	160.0	163.0	1
40	30	163.0	164.0	0
30	40	164.0	165.0	1
40	40	165.0	168.0	2
40	40	168.0	171.0	0
40	40	171.0	174.0	2
40	30	174.0	176.0	2
30	20	176.0	177.0	2
20	20	177.0	179.0	2
20	0	179.0	180.0	0
0	0	180.0	182.0	0
0	-20	182.0	185.0	0
-20	10	185.0	187.0	1
10	20	187.0	189.0	0
20	0	189.0	191.0	2
0	20	191.0	194.0	0
20	40	194.0	195.0	1
40	20	195.0	197.0	0
20	40	197.0	200.0	2
40	40	200.0	201.0	0
40	20	201.0	203.0	1
20	20	203.0	206.0	0
20	30	206.0	207.0	1
30	40	207.0	209.0	1
40	20	209.0	211.0	0
20	10	211.0	212.0	1
10	-10	212.0	215.0	0
-10	-10	215.0	216.0	2
-10	-10	216.0	217.0	1
-10	-10	217.0	219.0	1
-10	0	219.0	220.0	0
0	-10	220.0	222.0	2
-10	-20	222.0	224.0	1
-20	0	224.0	225.0	2
0	-10	225.0	226.0	2
-10	-30	226.0	229.0	1
-30	-20	229.0	230.0	0
-20	10	230.0	232.0	1
10	-20	232.0	233.0	2
-20	0	233.0	234.0	2
0	0	234.0	237.0	1
0	-10	237.0	240.0	0
-10	-40	240.0	243.0	1
-40	-40	243.0	245.0	0
-40	-40	245.0	247.0	0
-40	-30	247.0	250.0	1
-30	-20	250.0	253.0	1
-20	-30	253.0	254.0	2
-30	-10	254.0	257.0	2
-10	-10	257.0	258.0	0
-10	0	258.0	260.0	0
0	10	260.0	262.0	1
10	20	262.0	263.0	1
20	40	263.0	265.0	0
40	20	265.0	267.0	0
20	40	267.0	270.0	1
40	10	270.0	273.0	1
10	40	273.0	275.0	2
40	30	275.0	278.0	1
30	20	278.0	281.0	0
20	-10	281.0	283.0	0
-10	10	283.0	286.0	1
10	30	286.0	289.0	0
30	40	289.0	292.0	1
40	10	292.0	293.0	0
10	0	293.0	294.0	2
0	-30	294.0	295.0	1
-30	0	295.0	298.0	2
0	-10	298.0	299.0	2
