0	0	0	2.0	0
0	-10	2.0	5.0	1
-10	20	5.0	6.0	0
20	10	6.0	8.0	0
10	40	8.0	11.0	2
40	20	11.0	13.0	2
20	30	13.0	16.0	0
30	40	16.0	19.0	0
40	40	19.0	21.0	0
40	40	21.0	22.0	2
40	40	22.0	25.0	2
40	20	25.0	28.0	2
20	40	28.0	31.0	2
40	30	31.0	32.0	1
30	20	32.0	33.0	0
20	10	33.0	34.0	0
10	-20	34.0	35.0	0
-20	10	35.0	38.0	0
10	30	38.0	41.0	1
30	0	41.0	42.0	0
0	20	42.0	44.0	1
20	30	44.0	45.0	2
30	20	45.0	46.0	2
20	20	46.0	49.0	0
20	30	49.0	51.0	1
30	20	51.0	52.0	2
20	10	52.0	55.0	0
10	20	55.0	58.0	2
20	10	58.0	59.0	2
10	40	59.0	62.0	2
40	10	62.0	64.0	0
10	30	64.0	67.0	0
30	40	67.0	68.0	1
40	20	68.0	70.0	0
20	20	70.0	73.0	1
20	30	73.0	74.0	1
30	0	74.0	76.0	2
0	-20	76.0	77.0	0
-20	-10	77.0	80.0	2
-10	-40	80.0	81.0	0
-40	-20	81.0	84.0	0
-20	10	84.0	87.0	1
10	-10	87.0	89.0	2
-10	10	89.0	90.0	1
10	-20	90.0	93.0	1
-20	0	93.0	96.0	2
0	0	96.0	99.0	2
0	0	99.0	100.0	2
0	20	100.0	102.0	1
20	-10	102.0	104.0	2
-10	-30	104.0	106.0	1
-30	0	106.0	107.0	0
0	10	107.0	109.0	2
10	10	109.0	112.0	2
10	0	112.0	114.0	0
0	-30	114.0	116.0	1
-30	-10	116.0	118.0	0
-10	20	118.0	121.0	1
20	20	121.0	122.0	1
20	10	122.0	125.0	0
10	-10	125.0	128.0	1
-10	-30	128.0	131.0	1
-30	-10	131.0	133.0	0
-10	-20	133.0	135.0	1
-20	-30	135.0	138.0	0
-30	-30	138.0	139.0	1
-30	-40	139.0	142.0	1
-40	-40	142.0	145.0	1
-40	-10	145.0	146.0	2
-10	-40	146.0	149.0	2
-40	-30	149.0	151.0	0
-30	-30	151.0	152.0	2
-30	0	152.0	153.0	0
0	20	153.0	154.0	1
20	0	154.0	155.0	2
0	10	155.0	157.0	0
10	10	157.0	158.0	0
10	20	158.0	160.0	2
20	0	160.0	162.0	1
0	20	162.0	164.0	2
20	-10	164.0	165.0	2
-10	-30	165.0	166.0	2
-30	-30	166.0	167.0	0
-30	0	167.0	169.0	0
0	20	169.0	171.0	0
20	30	171.0	173.0	1
30	20	173.0	174.0	1
20	40	174.0	177.0	2
40	30	177.0	179.0	2
30	30	179.0	180.0	0
30	20	180.0	182.0	2
20	-10	182.0	185.0	0
-10	20	185.0	187.0	2
20	-10	187.0	190.0	0
-10	-20	190.0	193.0	0
-20	-10	193.0	194.0	1
-10	-20	194.0	196.0	1
-20	-30	196.0	199.0	2
-30	-10	199.0	202.0	1
-10	0	202.0	204.0	2
0	0	204.0	207.0	1
0	30	207.0	209.0	1
30	10	209.0	210.0	2
10	0	210.0	212.0	0
0	0	212.0	215.0	1
0	10	215.0	217.0	0
10	20	217.0	220.0	1
20	0	220.0	223.0	2
0	-30	223.0	226.0	2
-30	0	226.0	228.0	0
0	30	228.0	229.0	1
30	40	229.0	230.0	1
40	20	230.0	231.0	2
20	40	231.0	233.0	1
40	20	233.0	235.0	1
20	40	235.0	238.0	1
40	10	238.0	241.0	1
10	0	241.0	242.0	0
0	30	242.0	245.0	2
30	20	245.0	247.0	2
20	10	247.0	249.0	1
10	20	249.0	250.0	2
20	40	250.0	251.0	1
40	20	251.0	253.0	0
20	20	253.0	254.0	2
20	10	254.0	255.0	0
10	20	255.0	256.0	0
20	10	256.0	258.0	0
10	-10	258.0	260.0	1
-10	0	260.0	261.0	1
0	30	261.0	264.0	1
30	10	264.0	265.0	0
10	10	265.0	267.0	2
10	30	267.0	269.0	2
30	0	269.0	272.0	1
0	-30	272.0	274.0	2
-30	-10	274.0	277.0	2
-10	-20	277.0	278.0	1
-20	-40	278.0	279.0	2
-40	-30	279.0	282.0	1
-30	0	282.0	283.0	2
0	30	283.0	284.0	0
30	0	284.0	286.0	2
0	30	286.0	288.0	2
30	20	288.0	290.0	1
20	30	290.0	293.0	0
30	30	293.0	296.0	0
30	30	296.0	297.0	1
30	0	297.0	299.0	2
