0	0	0	2.0	0
0	-20	2.0	5.0	2
-20	-10	5.0	7.0	0
-10	-10	7.0	9.0	0
-10	-10	9.0	12.0	1
-10	10	12.0	15.0	1
10	0	15.0	18.0	0
0	10	18.0	20.0	0
10	10	20.0	22.0	0
10	10	22.0	24.0	0
10	30	24.0	25.0	1
30	40	25.0	27.0	0
40	10	27.0	28.0	0
10	20	28.0	29.0	0
20	-10	29.0	32.0	1
-10	-40	32.0	33.0	0
-40	-20	33.0	34.0	0
-20	-10	34.0	35.0	1
-10	20	35.0	37.0	1
20	30	37.0	38.0	0
30	10	38.0	40.0	2
10	-10	40.0	41.0	0
-10	0	41.0	42.0	1
0	0	42.0	43.0	2
0	0	43.0	45.0	1
0	-10	45.0	46.0	2
-10	-10	46.0	49.0	1
-10	10	49.0	52.0	1
10	20	52.0	55.0	2
20	20	55.0	56.0	0
20	40	56.0	58.0	2
40	30	58.0	60.0	0
30	30	60.0	62.0	1
30	20	62.0	64.0	0
20	40	64.0	66.0	1
40	10	66.0	68.0	1
10	40	68.0	69.0	1
40	20	69.0	70.0	0
20	0	70.0	72.0	1
0	10	72.0	74.0	1
10	20	74.0	75.0	2
20	20	75.0	76.0	0
20	-10	76.0	79.0	1
-10	-40	79.0	82.0	1
-40	-40	82.0	85.0	0
-40	-30	85.0	88.0	1
-30	-20	88.0	91.0	0
-20	-40	91.0	93.0	2
-40	-40	93.0	94.0	0
-40	-10	94.0	95.0	1
-10	-40	95.0	96.0	0
-40	-20	96.0	97.0	2
-20	10	97.0	98.0	1
10	-20	98.0	99.0	1
-20	-10	99.0	100.0	1
-10	-20	100.0	101.0	0
-20	0	101.0	104.0	1
0	10	104.0	106.0	2
10	-10	106.0	108.0	1
-10	0	108.0	110.0	1
0	0	110.0	112.0	2
0	-20	112.0	113.0	1
-20	10	113.0	114.0	2
10	20	114.0	117.0	2
20	30	117.0	118.0	2
30	0	118.0	119.0	0
0	20	119.0	122.0	2
20	10	122.0	125.0	1
10	-10	125.0	128.0	1
-10	-40	128.0	129.0	0
-40	-40	129.0	132.0	0
-40	-30	132.0	134.0	1
-30	-10	134.0	137.0	1
-10	-10	137.0	139.0	2
-10	-20	139.0	142.0	0
-20	-20	142.0	145.0	2
-20	0	145.0	146.0	0
0	-30	146.0	148.0	1
-30	-40	148.0	150.0	2
-40	-40	150.0	153.0	1
-40	-30	153.0	155.0	1
-30	-20	155.0	156.0	0
-20	-40	156.0	158.0	2
-40	-10	158.0	159.0	1
-10	0	159.0	160.0	1
0	30	160.0	163.0	1
30	30	163.0	165.0	0
30	20	165.0	167.0	0
20	30	167.0	168.0	0
30	40	168.0	170.0	1
40	20	170.0	172.0	1
20	0	172.0	173.0	0
0	-30	173.0	176.0	1
-30	-30	176.0	177.0	1
-30	0	177.0	179.0	1
0	0	179.0	182.0	0
0	30	182.0	183.0	0
30	20	183.0	186.0	0
20	30	186.0	189.0	0
30	20	189.0	190.0	2
20	10	190.0	191.0	0
10	20	191.0	194.0	1
20	40	194.0	195.0	1
40	10	195.0	197.0	2
10	20	197.0	198.0	2
20	30	198.0	201.0	2
30	20	201.0	203.0	2
20	40	203.0	205.0	2
40	10	205.0	206.0	1
10	10	206.0	207.0	1
10	0	207.0	208.0	1
0	0	208.0	210.0	2
0	-20	210.0	212.0	0
-20	0	212.0	213.0	2
0	-20	213.0	215.0	0
-20	-40	215.0	217.0	2
-40	-10	217.0	220.0	1
-10	20	220.0	221.0	2
20	10	221.0	224.0	2
10	30	224.0	227.0	1
30	10	227.0	229.0	0
10	20	229.0	230.0	2
20	30	230.0	231.0	2
30	40	231.0	232.0	0
40	30	232.0	235.0	0
30	20	235.0	238.0	0
20	20	238.0	239.0	1
20	20	239.0	242.0	0
20	-10	242.0	244.0	0
-10	-40	244.0	246.0	2
-40	-30	246.0	249.0	0
-30	-30	249.0	251.0	2
-30	-20	251.0	253.0	2
-20	-20	253.0	254.0	1
-20	-30	254.0	255.0	2
-30	-30	255.0	258.0	0
-30	-20	258.0	261.0	1
-20	-10	261.0	264.0	2
-10	0	264.0	265.0	1
0	10	265.0	267.0	1
10	-20	267.0	269.0	1
-20	-10	269.0	272.0	1
-10	0	272.0	275.0	2
0	-30	275.0	278.0	1
-30	0	278.0	281.0	2
0	0	281.0	282.0	0
0	-20	282.0	283.0	2
-20	-30	283.0	284.0	2
-30	-40	284.0	286.0	2
-40	-30	286.0	287.0	2
-30	-20	287.0	290.0	1
-20	-30	290.0	293.0	1
-30	-40	293.0	294.0	1
-40	-40	294.0	296.0	0
-40	-10	296.0	298.0	1
-10	-20	298.0	299.0	1
