0	0	0	2.0	0
0	-10	2.0	5.0	1
-10	0	5.0	7.0	2
0	0	7.0	10.0	0
0	10	10.0	12.0	0
10	-20	12.0	14.0	1
-20	-30	14.0	17.0	0
-30	-30	17.0	20.0	0
-30	-40	20.0	23.0	2
-40	-10	23.0	24.0	0
-10	0	24.0	27.0	2
0	30	27.0	30.0	1
30	20	30.0	31.0	1
20	10	31.0	33.0	2
10	40	33.0	35.0	2
40	20	35.0	37.0	1
20	10	37.0	40.0	0
10	20	40.0	41.0	0
20	40	41.0	42.0	1
40	10	42.0	45.0	2
10	40	45.0	46.0	2
40	20	46.0	49.0	2
20	0	49.0	50.0	1
0	0	50.0	53.0	2
0	-20	53.0	56.0	0
-20	10	56.0	59.0	0
10	20	59.0	62.0	0
20	10	62.0	64.0	0
10	-10	64.0	66.0	1
-10	-40	66.0	68.0	1
-40	-10	68.0	71.0	0
-10	20	71.0	74.0	2
20	10	74.0	75.0	2
10	40	75.0	76.0	1
40	20	76.0	79.0	0
20	0	79.0	80.0	2
0	0	80.0	82.0	0
0	0	82.0	83.0	2
0	-30	83.0	84.0	1
-30	-40	84.0	86.0	1
-40	-10	86.0	88.0	1
-10	-30	88.0	90.0	1
-30	-40	90.0	92.0	2
-40	-10	92.0	95.0	0
-10	-10	95.0	96.0	1
-10	10	96.0	99.0	2
10	-20	99.0	101.0	1
-20	-20	101.0	103.0	0
-20	0	103.0	104.0	2
0	-20	104.0	105.0	2
-20	10	105.0	107.0	2
10	-20	107.0	108.0	2
-20	10	108.0	111.0	0
10	20	111.0	113.0	1
20	-10	113.0	114.0	1
-10	-20	114.0	117.0	2
-20	0	117.0	120.0	0
0	20	120.0	122.0	2
20	20	122.0	124.0	2
20	-10	124.0	125.0	2
-10	-30	125.0	127.0	0
-30	-40	127.0	129.0	2
-40	-20	129.0	130.0	2
-20	-30	130.0	132.0	1
-30	-10	132.0	135.0	1
-10	-40	135.0	138.0	0
-40	-10	138.0	140.0	1
-10	-30	140.0	142.0	1
-30	0	142.0	143.0	2
0	-20	143.0	146.0	2
-20	10	146.0	149.0	2
10	-20	149.0	151.0	2
-20	10	151.0	153.0	1
10	20	153.0	156.0	0
20	-10	156.0	158.0	0
-10	0	158.0	160.0	2
0	-20	160.0	161.0	0
-20	-20	161.0	164.0	2
-20	-20	164.0	165.0	2
-20	10	165.0	167.0	0
10	-20	167.0	169.0	2
-20	10	169.0	171.0	2
10	20	171.0	174.0	0
20	40	174.0	176.0	1
40	30	176.0	178.0	1
30	0	178.0	180.0	0
0	30	180.0	183.0	2
30	0	183.0	184.0	2
0	-20	184.0	185.0	0
-20	-40	185.0	188.0	0
-40	-40	188.0	189.0	2
-40	-10	189.0	190.0	2
-10	-20	190.0	192.0	2
-20	-20	192.0	195.0	0
-20	-40	195.0	197.0	2
-40	-30	197.0	200.0	2
-30	-20	200.0	203.0	0
-20	-30	203.0	206.0	0
-30	-30	206.0	207.0	2
-30	-10	207.0	209.0	2
-10	-20	209.0	212.0	1
-20	0	212.0	215.0	0
0	10	215.0	217.0	2
10	20	217.0	219.0	1
20	40	219.0	222.0	1
40	20	222.0	224.0	2
20	10	224.0	225.0	1
10	-10	225.0	228.0	1
-10	20	228.0	230.0	1
20	-10	230.0	231.0	2
-10	0	231.0	233.0	1
0	-10	233.0	236.0	0
-10	0	236.0	238.0	1
0	30	238.0	239.0	1
30	10	239.0	242.0	1
10	10	242.0	243.0	1
10	10	243.0	245.0	0
10	40	245.0	247.0	1
40	10	247.0	250.0	1
10	-20	250.0	251.0	0
-20	-20	251.0	253.0	0
-20	-20	253.0	255.0	1
-20	-30	255.0	257.0	1
-30	-20	257.0	259.0	1
-20	0	259.0	262.0	2
0	10	262.0	263.0	1
10	20	263.0	266.0	1
20	30	266.0	267.0	2
30	30	267.0	268.0	1
30	20	268.0	271.0	2
20	0	271.0	274.0	0
0	-30	274.0	275.0	1
-30	-30	275.0	277.0	2
-30	-20	277.0	280.0	0
-20	-20	280.0	281.0	0
-20	10	281.0	283.0	1
10	-20	283.0	285.0	2
-20	-30	285.0	286.0	0
-30	-10	286.0	289.0	2
-10	-20	289.0	291.0	0
-20	-30	291.0	292.0	1
-30	-30	292.0	295.0	2
-30	-20	295.0	298.0	1
