0	0	0	2.0	0
0	-30	2.0	5.0	0
-30	0	5.0	7.0	1
0	10	7.0	10.0	0
10	10	10.0	12.0	1
10	10	12.0	14.0	0
10	-20	14.0	15.0	2
-20	10	15.0	18.0	0
10	-20	18.0	19.0	0
-20	10	19.0	20.0	2
10	-20	20.0	21.0	1
-20	10	21.0	22.0	1
10	40	22.0	23.0	2
40	10	23.0	25.0	0
10	20	25.0	26.0	0
20	10	26.0	28.0	2
10	0	28.0	31.0	1
0	0	31.0	33.0	2
0	-30	33.0	35.0	0
-30	-40	35.0	36.0	2
-40	-40	36.0	39.0	2
-40	-20	39.0	40.0	1
-20	-30	40.0	42.0	1
-30	0	42.0	45.0	0
0	-30	45.0	47.0	2
-30	-10	47.0	50.0	0
-10	-40	50.0	51.0	1
-40	-10	51.0	53.0	1
-10	10	53.0	55.0	1
10	-20	55.0	56.0	0
-20	10	56.0	57.0	0
10	30	57.0	59.0	0
30	40	59.0	60.0	1
40	20	60.0	61.0	0
20	30	61.0	63.0	2
30	10	63.0	66.0	2
10	10	66.0	69.0	2
10	0	69.0	70.0	1
0	30	70.0	71.0	1
30	0	71.0	72.0	1
0	-10	72.0	73.0	0
-10	-20	73.0	74.0	2
-20	10	74.0	75.0	1
10	0	75.0	78.0	1
0	30	78.0	79.0	2
30	0	79.0	80.0	1
0	0	80.0	83.0	2
0	30	83.0	85.0	0
30	40	85.0	86.0	0
40	20	86.0	87.0	0
20	10	87.0	88.0	1
10	-20	88.0	89.0	2
-20	-10	89.0	91.0	1
-10	20	91.0	92.0	0
20	40	92.0	93.0	1
40	20	93.0	95.0	2
20	40	95.0	98.0	2
40	40	98.0	99.0	1
40	10	99.0	102.0	2
10	0	102.0	103.0	0
0	20	103.0	106.0	1
20	20	106.0	108.0	2
20	-10	108.0	109.0	0
-10	-40	109.0	111.0	0
-40	-20	111.0	114.0	2
-20	10	114.0	115.0	1
10	0	115.0	117.0	0
0	0	117.0	118.0	2
0	-20	118.0	121.0	1
-20	-30	121.0	123.0	0
-30	0	123.0	125.0	2
0	-20	125.0	127.0	0
-20	-30	127.0	130.0	2
-30	-40	130.0	132.0	0
-40	-40	132.0	134.0	1
-40	-40	134.0	136.0	0
-40	-10	136.0	137.0	1
-10	-40	137.0	138.0	2
-40	-20	138.0	139.0	0
-20	0	139.0	140.0	0
0	-20	140.0	142.0	0
-20	-30	142.0	143.0	0
-30	-30	143.0	146.0	0
-30	-40	146.0	149.0	0
-40	-10	149.0	152.0	0
-10	20	152.0	154.0	0
20	30	154.0	156.0	2
30	0	156.0	159.0	2
0	10	159.0	161.0	0
10	30	161.0	164.0	0
30	30	164.0	166.0	0
30	10	166.0	168.0	1
10	0	168.0	171.0	0
0	-20	171.0	173.0	1
-20	-40	173.0	174.0	1
-40	-20	174.0	176.0	0
-20	-10	176.0	177.0	2
-10	-30	177.0	180.0	0
-30	-40	180.0	181.0	0
-40	-10	181.0	183.0	0
-10	-10	183.0	186.0	2
-10	-20	186.0	187.0	0
-20	-30	187.0	188.0	2
-30	-40	188.0	190.0	1
-40	-10	190.0	192.0	0
-10	-30	192.0	194.0	1
-30	-40	194.0	195.0	1
-40	-40	195.0	196.0	2
-40	-20	196.0	197.0	0
-20	-10	197.0	199.0	1
-10	-40	199.0	201.0	1
-40	-20	201.0	203.0	2
-20	-30	203.0	204.0	2
-30	-20	204.0	205.0	2
-20	-20	205.0	207.0	0
-20	0	207.0	209.0	1
0	0	209.0	211.0	2
0	20	211.0	213.0	1
20	10	213.0	215.0	0
10	40	215.0	217.0	1
40	30	217.0	218.0	1
30	20	218.0	221.0	2
20	40	221.0	224.0	0
40	10	224.0	225.0	2
10	20	225.0	227.0	2
20	30	227.0	229.0	2
30	30	229.0	230.0	0
30	0	230.0	231.0	2
0	0	231.0	232.0	0
0	10	232.0	233.0	2
10	0	233.0	234.0	2
0	30	234.0	236.0	0
30	0	236.0	238.0	2
0	-20	238.0	240.0	2
-20	-40	240.0	242.0	2
-40	-20	242.0	245.0	0
-20	10	245.0	247.0	2
10	0	247.0	249.0	2
0	-20	249.0	252.0	2
-20	10	252.0	254.0	0
10	40	254.0	256.0	0
40	20	256.0	258.0	0
20	0	258.0	259.0	1
0	30	259.0	260.0	1
30	10	260.0	262.0	1
10	20	262.0	263.0	1
20	10	263.0	266.0	2
10	-10	266.0	269.0	1
-10	-20	269.0	270.0	1
-20	10	270.0	271.0	2
10	20	271.0	273.0	2
20	-10	273.0	276.0	2
-10	10	276.0	278.0	2
10	20	278.0	279.0	1
20	40	279.0	280.0	1
40	40	280.0	283.0	1
40	40	283.0	284.0	1
40	20	284.0	287.0	2
20	0	287.0	289.0	1
0	30	289.0	292.0	0
30	30	292.0	293.0	1
30	30	293.0	295.0	2
30	0	295.0	298.0	1
